87 49 55 41 43 84 12 26 64 46 47 40 30 70 72 53 50 33 27 99 89 15 77 51 37 19 45 11 38 14 91 96 81 25 39 80 34 56 92 95 90 86 59 68 54 28 8 2 44 100 13 23 57 5 48 85 10 18 74 88 62 78 36 1 32 16 76 22 21 60 35 66 63 24 98 52 4 69 67 97 42 61 6 71 65 9 17 83 79 29 3 82 20 75 7 31 58 93 73 94 
9 79 58 30 10 28 97 37 19 99 67 77 71 35 64 2 42 94 89 38 44 98 80 50 87 8 46 61 47 1 49 7 23 65 5 63 78 27 40 14 52 18 60 76 66 62 72 20 21 93 11 4 92 70 69 73 91 43 68 83 6 17 3 29 75 41 95 54 74 24 96 56 81 88 12 82 26 85 45 51 34 36 48 55 15 31 84 53 33 32 100 39 22 57 90 16 25 86 59 13 
78 80 5 92 32 8 16 47 1 15 86 81 74 12 62 93 55 57 83 44 4 95 76 48 85 71 75 65 60 41 52 64 68 28 72 2 21 94 33 61 39 36 40 27 26 43 7 9 46 6 17 67 49 90 45 22 24 53 29 51 42 35 96 13 38 31 66 69 30 58 79 77 50 73 100 87 59 91 70 18 89 97 88 56 3 11 20 23 25 82 37 34 54 19 63 98 14 10 99 84 
21 2 13 48 62 24 36 76 86 89 69 41 29 8 85 68 37 63 98 43 23 30 96 12 49 57 72 91 28 26 22 46 93 15 3 59 66 100 67 31 97 79 61 87 64 16 74 4 58 25 20 40 56 77 33 82 39 9 7 38 27 71 45 73 10 88 81 53 11 94 55 1 65 84 75 44 32 90 34 19 18 50 51 70 47 60 54 95 99 14 17 92 80 52 78 42 5 35 6 83 
90 69 91 74 61 81 82 95 59 52 4 3 20 73 10 5 75 51 14 76 55 34 88 92 31 67 35 97 22 17 24 70 62 13 71 8 53 41 42 89 65 23 11 30 49 96 56 94 33 50 84 26 16 87 28 98 37 46 19 64 44 47 43 63 18 7 83 100 99 12 54 6 48 80 93 38 25 58 78 27 86 1 39 72 68 85 40 21 2 57 79 32 77 9 29 15 36 45 66 60 
75 88 33 22 94 25 35 42 40 72 59 39 6 26 80 92 15 1 48 66 73 99 56 43 3 70 13 78 18 27 9 32 84 54 90 57 36 19 45 82 37 95 83 5 55 17 71 85 81 29 79 63 96 50 52 100 97 31 58 21 28 98 2 91 89 34 65 20 87 8 86 10 68 11 14 60 62 7 47 30 69 93 12 76 24 77 74 16 44 41 49 51 61 23 64 46 53 4 67 38 
14 31 18 50 56 60 67 6 29 45 17 36 32 7 9 13 65 96 78 95 20 84 40 39 21 100 79 5 64 59 98 11 55 99 10 85 74 4 86 77 69 63 73 70 57 34 38 51 22 24 25 62 12 2 94 75 54 42 35 1 61 82 97 46 19 49 48 15 37 93 72 92 53 71 83 8 41 3 23 16 81 66 52 90 80 26 30 27 58 43 91 47 68 28 89 88 44 87 33 76 
11 68 66 39 73 54 34 38 44 20 61 31 45 97 49 24 88 28 91 100 9 33 81 82 52 6 53 90 16 93 17 47 26 75 58 76 35 60 83 18 67 99 92 19 14 10 98 84 3 1 36 65 27 78 15 72 32 86 59 71 50 70 55 77 80 51 23 25 79 85 89 21 29 2 40 57 42 37 46 43 87 94 13 8 63 22 7 64 4 5 62 74 12 96 48 56 69 95 41 30 
63 4 85 27 96 57 77 3 23 71 79 16 19 60 90 56 87 34 52 58 94 66 29 54 32 7 25 74 69 83 73 50 48 97 88 12 44 6 51 30 31 42 53 91 80 82 89 13 45 78 55 99 41 95 14 81 61 93 47 8 86 59 84 92 33 5 64 26 72 68 15 22 39 76 49 20 36 17 28 9 100 38 62 10 35 75 98 67 37 46 1 21 65 18 70 11 24 43 40 2 
7 100 98 70 53 83 93 17 65 51 54 84 25 46 11 82 21 22 23 18 36 42 62 63 58 10 24 2 86 68 20 16 29 43 37 87 38 79 1 69 48 88 41 75 77 47 32 12 15 35 3 89 34 30 66 6 76 44 60 80 4 90 56 39 57 14 9 40 67 52 74 95 99 33 13 5 94 61 31 64 73 28 19 96 92 59 49 91 45 78 71 26 85 50 72 27 97 8 55 81 
64 5 39 56 85 74 26 89 36 11 41 9 93 16 3 84 86 7 25 13 14 6 59 91 4 97 43 60 20 45 96 83 19 2 57 79 88 50 18 70 55 52 69 40 62 65 33 53 48 30 46 1 44 61 80 63 34 99 75 10 95 68 87 82 12 100 17 77 58 90 29 42 49 51 81 37 92 21 8 35 22 98 54 32 94 66 38 78 71 23 27 76 24 72 31 67 47 28 15 73 
71 6 81 3 17 37 19 53 10 41 46 47 80 78 48 14 8 61 38 89 65 77 95 24 88 31 2 98 36 96 66 93 39 58 82 44 92 62 12 43 70 68 85 4 13 22 64 67 32 83 60 51 30 94 42 87 27 97 100 26 76 21 72 55 1 54 84 28 29 23 69 34 15 59 20 73 33 50 91 5 25 9 16 75 11 79 86 35 63 74 56 45 49 7 18 99 52 40 90 57 
77 96 67 75 44 27 63 55 49 8 32 33 42 11 45 51 30 76 71 1 64 29 38 16 10 93 19 37 17 47 87 89 3 40 4 14 31 78 13 68 100 72 90 58 7 61 84 34 82 79 57 41 95 62 20 53 52 15 2 18 43 94 48 5 92 26 99 73 59 91 97 70 56 28 9 74 66 98 80 65 24 83 50 81 6 46 60 36 69 39 86 35 88 25 12 21 54 22 23 85 
97 94 22 34 35 62 45 80 90 84 52 23 27 37 67 57 29 74 65 91 1 100 75 49 69 15 70 51 3 63 56 42 95 55 61 9 10 5 53 99 86 28 43 96 31 44 92 6 50 87 14 54 93 59 21 79 17 98 76 36 64 24 38 47 40 39 46 18 19 66 83 25 85 16 7 41 89 2 13 4 82 88 8 58 48 12 26 30 73 72 78 81 71 77 11 33 32 60 20 68 
50 33 78 99 21 93 25 52 83 98 90 59 97 68 18 28 70 35 79 24 72 7 48 76 66 46 54 41 81 23 26 30 71 67 77 64 11 84 32 91 47 94 89 60 73 57 63 15 80 5 12 55 13 74 43 49 69 8 40 22 34 16 9 51 14 86 44 85 36 6 45 38 100 96 39 58 17 82 88 75 1 56 92 2 31 27 29 20 61 4 10 87 19 53 62 37 65 3 42 95 
29 40 7 88 15 68 76 58 31 43 82 10 2 20 55 26 94 95 5 81 28 80 39 22 13 27 9 67 44 34 6 48 35 60 86 69 73 37 36 33 21 77 12 66 78 45 49 1 59 99 47 16 64 3 19 4 23 92 72 32 65 11 75 56 74 57 50 42 25 83 61 79 87 54 24 46 53 30 63 71 62 100 14 85 70 18 41 90 52 51 8 17 89 97 93 84 38 91 96 98 
23 95 73 100 38 18 48 65 70 13 36 50 92 22 53 4 54 98 19 88 40 25 52 30 62 12 74 57 87 21 1 15 85 47 46 72 76 28 49 94 29 11 42 8 24 27 81 14 75 71 39 7 66 58 56 68 35 83 86 9 41 45 63 31 60 79 61 89 20 10 78 3 64 32 6 26 90 77 44 84 91 55 96 33 37 97 67 99 17 93 69 43 59 16 51 2 34 82 5 80 
59 42 86 47 72 87 69 92 51 4 77 96 21 6 12 100 43 40 85 49 11 50 82 61 99 68 83 8 79 71 41 29 27 63 34 75 45 24 97 7 54 2 74 20 38 93 17 16 56 19 73 25 90 88 78 65 33 5 91 28 67 37 32 52 81 80 30 98 35 70 94 18 31 1 23 62 22 60 10 76 53 15 44 3 57 64 13 84 95 89 58 48 55 39 9 66 26 14 46 36 
28 46 16 60 82 2 32 61 66 9 56 83 34 64 63 69 31 75 58 39 35 26 78 86 42 85 5 94 73 18 54 100 98 59 74 17 25 22 90 20 95 91 23 10 37 36 88 97 51 76 77 38 81 84 50 89 67 70 24 96 53 62 71 15 27 33 8 49 3 7 12 14 57 72 48 99 93 11 52 55 45 87 40 43 19 47 21 65 68 80 4 29 1 44 92 13 41 79 30 6 
24 1 14 54 91 30 20 79 12 57 60 62 15 87 99 17 44 66 72 73 90 53 33 84 55 92 58 56 32 89 23 21 16 81 52 65 80 38 8 51 26 98 46 18 9 3 41 35 25 39 37 71 31 29 82 11 45 85 6 48 96 93 78 97 88 4 69 13 2 22 68 67 47 95 19 36 43 40 27 86 10 76 28 59 49 34 42 7 5 77 63 61 70 74 83 94 64 50 100 75 
58 18 69 19 48 72 39 25 100 2 5 13 35 75 54 40 59 20 46 17 24 51 84 95 90 55 80 42 96 92 62 99 53 33 47 31 83 14 3 28 30 43 67 63 22 6 85 98 10 7 81 91 82 23 74 15 16 38 37 73 71 41 88 32 52 29 4 8 94 78 9 65 70 87 56 12 45 64 76 1 66 89 57 60 34 93 50 44 49 86 11 79 27 21 36 77 61 68 97 26 
3 63 36 32 89 20 86 66 17 1 39 85 77 42 68 90 67 4 100 57 47 62 60 94 64 23 76 70 97 29 7 71 74 22 15 30 91 16 25 10 79 56 14 48 59 83 65 69 95 11 34 2 99 27 92 40 18 80 52 12 84 87 93 45 5 73 51 35 28 43 26 50 38 61 21 19 82 96 41 72 75 6 81 24 9 37 53 58 13 55 54 33 46 31 98 44 78 49 88 8 
31 85 44 23 29 6 41 74 95 79 7 87 81 93 88 64 49 50 45 9 26 86 71 77 48 83 56 54 34 52 19 38 21 8 12 67 24 63 78 97 4 27 37 99 51 73 82 90 89 20 65 42 22 10 32 70 25 11 62 68 72 96 60 69 17 58 75 61 13 59 80 43 66 57 94 53 14 46 30 2 16 91 18 28 5 39 36 33 98 100 35 3 84 92 55 47 40 1 76 15 
30 27 76 62 65 15 10 14 55 94 16 6 1 63 38 22 28 24 18 96 79 57 3 21 82 35 44 66 45 91 61 43 52 11 48 13 75 17 98 60 58 70 54 100 2 84 9 26 71 36 19 78 85 56 31 93 59 41 8 89 81 12 49 99 37 53 47 83 34 33 32 23 90 25 88 69 67 68 51 74 97 64 95 80 46 42 92 40 77 87 50 20 5 4 73 29 7 39 86 72 
8 67 59 91 68 9 73 81 60 53 92 32 37 41 89 66 25 86 97 62 15 61 74 65 5 99 17 18 6 30 27 51 69 82 44 88 46 49 80 58 28 38 57 3 75 64 78 21 31 77 72 43 84 98 36 35 50 47 45 54 63 19 39 26 48 90 7 1 76 95 33 24 55 42 85 4 20 13 40 11 71 23 79 12 29 56 83 10 14 2 52 70 16 22 87 34 96 94 93 100 
98 87 70 97 64 50 56 82 78 40 80 2 95 21 58 29 76 47 11 8 37 43 73 10 72 75 67 88 25 13 85 34 90 1 93 26 55 42 54 96 12 53 52 33 23 32 16 86 41 91 28 6 51 79 46 24 14 20 69 94 66 3 31 38 44 65 22 27 89 100 81 7 35 49 36 84 5 39 77 92 61 68 4 17 62 15 99 74 30 48 9 83 57 71 60 45 63 59 19 18 
61 52 35 83 4 77 46 16 84 34 43 53 51 82 14 71 48 60 15 23 69 49 11 2 38 58 12 7 78 8 39 5 73 87 64 95 59 36 66 65 81 92 88 93 76 29 45 96 47 68 44 75 55 33 57 17 21 67 9 90 97 6 20 80 50 62 86 30 42 40 100 63 27 79 37 54 18 28 22 98 26 31 70 25 32 72 94 19 1 3 41 91 13 99 85 89 10 56 24 74 
96 37 51 13 80 43 38 45 5 54 31 27 84 94 56 33 69 79 73 83 59 1 87 36 41 14 50 9 93 100 70 57 72 76 81 29 6 18 4 35 49 25 44 15 40 97 55 19 61 74 64 86 39 63 88 3 7 26 66 77 46 10 98 16 68 91 92 24 85 2 95 60 58 52 99 89 34 75 71 48 65 67 11 82 78 20 8 47 21 22 23 30 62 42 53 28 90 12 17 32 
93 99 26 33 75 12 24 49 7 28 44 34 70 91 78 74 36 10 61 52 22 68 27 32 16 53 98 19 63 20 94 86 40 56 89 37 50 45 9 92 66 60 5 42 17 39 1 72 87 46 96 13 71 100 30 76 4 48 95 97 57 18 14 79 77 64 11 23 55 21 8 59 62 47 31 29 3 6 15 83 54 43 38 35 73 90 88 41 84 85 67 2 69 81 65 25 51 80 58 82 
47 22 92 42 57 11 71 21 88 90 55 72 99 3 30 19 98 12 26 65 46 39 28 85 81 4 89 31 40 33 79 68 77 23 32 20 84 2 41 100 35 13 18 80 8 94 34 50 24 62 29 5 60 83 58 61 49 1 87 53 82 15 74 67 36 25 70 9 56 54 10 17 44 86 91 93 73 16 97 78 52 69 27 45 96 63 51 76 7 59 95 75 64 43 38 6 66 48 14 37 
89 36 52 15 34 82 6 1 96 44 81 43 8 83 25 80 26 37 77 19 39 45 2 13 30 42 31 48 49 55 99 17 94 93 60 74 86 46 23 53 51 4 87 12 5 33 40 24 18 61 32 21 29 67 79 62 72 16 38 70 78 57 92 58 65 22 63 75 73 9 20 68 88 56 27 100 98 54 90 59 14 85 10 7 97 95 71 50 91 69 66 41 3 84 28 76 35 11 64 47 
67 64 79 46 88 21 94 35 37 5 10 58 14 39 57 30 91 54 4 74 100 18 8 53 89 24 99 26 33 95 69 82 43 12 66 3 85 15 75 6 23 84 2 11 1 41 36 78 52 13 7 19 28 20 25 47 96 22 80 61 17 86 59 87 45 27 16 44 93 38 92 62 73 60 77 76 83 49 55 42 48 29 90 68 72 65 63 70 9 98 31 50 40 32 56 97 71 51 81 34 
86 77 53 40 83 71 100 23 74 14 89 49 17 15 60 96 62 32 16 2 92 56 66 78 50 72 6 73 52 46 10 65 5 24 21 39 68 55 76 47 80 75 97 64 19 58 25 79 37 70 51 35 63 48 81 9 88 84 27 3 85 91 11 43 90 30 1 29 8 61 28 31 95 99 18 67 57 34 12 33 38 45 94 87 41 82 44 59 26 42 98 36 4 54 69 22 20 7 13 93 
56 50 19 8 7 33 99 13 97 49 68 73 9 88 94 31 38 78 22 45 32 76 10 98 1 84 69 14 29 11 90 87 80 37 91 36 54 67 64 42 20 82 72 44 28 95 100 89 17 86 23 58 83 12 65 5 92 52 39 59 47 51 34 48 96 3 6 4 81 25 66 71 43 15 53 70 61 41 16 85 2 62 35 93 77 57 46 75 40 79 26 55 74 60 21 30 18 27 63 24 
72 51 87 85 30 98 27 12 69 63 84 29 48 52 70 35 82 41 3 97 62 88 68 60 79 25 90 93 58 86 83 19 92 38 31 96 89 13 34 71 14 59 16 49 21 74 76 81 42 54 43 94 73 45 1 36 26 91 53 100 80 55 33 40 56 2 10 67 95 46 7 11 75 17 50 65 64 23 24 47 28 99 61 66 4 78 18 22 32 20 6 5 39 15 57 8 37 44 9 77 
17 62 4 11 26 22 70 41 93 58 66 20 90 44 61 7 53 59 51 63 38 87 57 9 67 91 28 64 21 19 97 77 79 100 27 98 1 29 72 73 45 85 8 47 65 92 3 46 83 60 89 76 68 18 40 13 6 56 78 74 32 50 94 24 49 12 71 99 23 84 37 81 69 10 30 35 39 36 5 52 55 25 31 54 16 33 15 34 88 96 2 42 48 80 86 82 95 75 43 14 
43 90 54 95 25 80 92 18 2 61 42 76 47 99 65 27 100 36 69 50 17 23 35 75 74 82 51 16 71 40 28 9 11 20 56 78 57 59 48 45 34 39 93 77 30 91 26 32 94 55 15 10 24 8 60 33 31 66 41 37 52 89 62 98 64 97 68 70 7 72 63 4 96 22 87 14 38 19 21 44 84 81 49 86 83 5 3 6 67 13 46 73 79 88 1 85 29 53 12 58 
48 20 65 28 55 10 60 68 38 59 33 46 11 18 79 21 12 56 1 92 61 3 5 81 34 43 47 27 54 37 40 2 22 62 49 35 95 88 16 25 50 66 71 98 15 69 29 73 7 63 85 44 4 93 97 90 75 30 42 57 39 36 77 76 13 74 41 14 82 31 6 58 51 9 72 32 86 78 84 26 17 53 23 19 8 100 64 80 24 52 70 99 94 89 67 87 91 83 45 96 
57 78 42 66 81 76 75 91 45 31 87 24 85 34 6 67 40 72 28 98 80 96 63 20 12 41 4 59 94 44 32 14 8 30 7 84 70 61 52 26 43 35 99 88 68 56 62 22 9 48 49 95 11 71 77 64 86 50 82 55 21 83 100 53 54 69 15 37 18 5 25 97 13 74 2 79 46 93 3 29 36 60 89 27 51 58 1 73 39 47 65 10 17 90 16 19 92 33 38 23 
32 16 47 29 84 3 9 24 39 73 93 5 55 23 71 95 64 13 86 75 97 85 22 7 77 65 36 15 83 70 44 18 51 50 33 81 4 58 63 41 96 57 27 6 10 67 53 31 38 90 99 34 2 14 54 46 87 69 98 17 19 26 42 88 35 28 79 66 60 20 1 82 80 91 45 48 40 89 94 8 37 21 74 92 30 76 56 12 43 11 25 52 72 49 100 59 68 62 61 78 
10 30 83 94 18 85 78 46 73 91 51 44 72 14 35 86 97 65 92 22 74 21 98 71 19 60 68 6 11 66 57 53 31 45 50 47 32 8 37 79 76 34 3 38 33 81 59 28 64 26 67 39 80 54 84 43 9 7 48 49 55 1 23 20 41 99 88 58 70 87 90 89 2 12 42 61 100 24 75 62 4 16 93 69 13 29 95 17 27 25 96 15 52 5 82 40 77 36 56 63 
95 32 34 21 36 48 47 71 76 96 78 82 4 53 16 79 2 83 87 54 30 12 99 41 86 17 20 1 100 69 35 63 25 85 97 27 61 39 91 19 22 24 55 7 88 31 77 29 84 94 8 73 26 81 11 28 38 68 92 60 15 67 40 93 3 66 98 5 43 49 46 37 14 70 64 18 74 44 58 6 57 80 33 62 52 89 45 56 50 10 59 23 90 51 13 75 9 42 72 65 
53 24 56 31 14 75 29 90 80 97 62 69 13 74 91 10 6 11 34 60 45 9 64 8 83 40 37 82 59 67 77 95 86 36 41 28 72 73 96 88 15 49 21 50 63 5 46 70 39 44 100 61 42 16 4 78 89 23 18 65 30 48 79 81 7 92 33 84 47 17 57 54 52 38 76 51 87 27 25 94 58 22 20 99 2 3 12 43 66 35 32 98 93 85 68 1 19 55 26 71 
39 81 37 55 100 5 22 43 6 69 3 28 7 67 21 77 99 48 31 41 93 73 79 26 14 96 94 25 10 36 11 66 83 80 76 46 71 44 87 23 27 58 13 9 20 85 42 54 62 18 52 12 33 86 24 32 95 17 63 15 74 75 65 61 97 19 90 72 78 82 53 30 60 40 8 98 29 35 68 56 92 70 1 49 84 51 34 38 59 91 64 88 2 45 47 4 50 57 16 89 
27 45 82 58 67 51 50 19 63 93 23 25 88 90 52 18 24 71 36 33 5 92 16 44 39 2 78 80 4 87 14 56 89 42 22 43 29 64 6 9 41 47 100 65 98 1 86 74 73 57 35 70 59 55 91 66 46 79 99 72 12 54 95 8 69 77 62 60 32 34 3 83 17 13 15 11 85 31 48 20 96 75 68 40 26 30 37 94 97 21 28 7 38 61 84 49 81 76 10 53 
38 17 15 52 99 59 28 64 25 42 37 45 66 85 96 55 89 30 80 94 63 81 46 88 84 54 23 47 35 32 4 10 13 49 75 70 69 90 65 67 68 97 78 51 93 40 43 56 19 72 53 3 62 1 5 71 2 27 34 20 29 22 50 100 24 83 91 31 57 36 77 73 79 26 92 16 7 33 82 39 44 18 60 61 86 98 6 9 74 76 12 14 58 11 95 48 87 41 8 21 
70 98 68 61 8 89 87 57 79 33 38 56 49 50 15 1 17 46 64 47 48 97 90 72 43 77 91 34 95 24 74 94 20 7 26 40 82 93 60 54 71 6 35 69 16 80 37 75 12 67 21 29 25 44 51 31 58 96 85 45 18 53 28 27 2 52 13 76 14 42 19 32 10 66 59 81 9 84 4 99 5 63 65 36 88 41 23 55 11 73 22 78 86 3 30 62 83 100 39 92 
84 23 62 16 20 1 13 9 54 86 98 68 40 76 19 32 95 70 8 61 50 27 42 31 15 28 85 49 65 58 100 3 99 78 24 21 51 92 81 12 17 90 66 14 91 89 30 48 2 52 56 77 6 75 10 57 64 88 93 87 37 4 26 25 11 59 38 94 96 45 22 80 5 34 43 55 97 63 36 41 46 7 82 39 53 83 47 71 72 67 29 60 73 69 44 79 33 74 18 35 
66 65 40 49 12 92 88 77 41 26 58 100 39 57 73 9 63 81 84 5 70 38 7 29 53 22 3 75 56 62 34 55 33 18 16 15 2 52 68 59 87 83 96 95 32 11 61 82 60 4 74 30 37 13 98 69 36 76 14 50 89 46 80 35 51 44 85 10 71 64 23 45 1 93 47 91 21 86 72 67 79 8 42 48 90 19 78 31 54 28 43 24 97 17 94 20 6 99 27 25 
2 74 60 7 3 44 72 4 11 35 75 42 59 27 20 12 93 29 43 26 51 13 18 89 76 52 57 33 55 61 84 58 30 98 38 1 17 48 62 5 99 10 45 25 92 8 79 36 23 53 40 82 94 22 41 97 47 90 83 19 56 73 86 68 6 9 21 39 63 16 65 69 28 78 71 95 50 88 49 96 85 32 77 100 64 81 14 24 87 15 80 66 37 67 34 54 70 46 31 91 
85 75 43 86 49 19 2 11 4 24 48 54 18 5 23 38 57 67 12 40 78 28 47 59 7 76 93 77 14 72 81 44 66 10 29 68 98 1 100 27 16 46 25 89 74 90 13 60 6 64 62 17 35 99 8 34 83 63 36 82 31 9 51 33 55 45 32 50 80 39 88 20 22 41 61 15 91 95 73 69 21 26 30 79 71 94 87 37 70 56 97 96 92 65 58 53 42 84 52 3 
69 47 45 9 74 78 96 56 50 100 88 1 61 92 29 44 20 87 60 35 25 48 67 73 8 86 97 95 80 90 15 26 91 46 42 23 18 43 93 84 7 5 10 54 41 21 57 59 99 37 4 28 65 31 12 27 70 81 33 13 3 52 89 34 98 94 53 63 68 30 17 55 77 82 79 75 19 51 66 49 83 58 72 14 39 36 16 11 22 64 24 6 32 38 40 71 76 2 85 62 
12 35 61 14 1 16 98 70 21 87 50 30 58 24 37 45 90 39 33 34 52 46 9 15 56 44 49 40 57 4 65 79 6 41 2 51 3 74 82 80 91 73 47 67 94 53 48 62 66 43 97 11 23 25 89 77 71 100 64 29 93 28 13 83 85 38 18 36 75 27 76 96 84 7 68 72 31 10 59 63 32 95 86 42 17 88 55 92 8 19 99 54 81 26 20 78 60 5 22 69 
13 25 90 26 54 66 55 10 28 32 49 80 36 89 98 94 16 3 70 86 31 22 19 34 27 63 81 23 53 50 30 97 12 83 20 4 48 99 17 64 84 40 33 92 72 75 87 71 100 14 59 47 88 6 38 95 68 60 67 93 69 43 76 78 82 11 2 62 91 41 44 39 42 58 5 9 35 57 29 37 74 51 7 52 18 45 24 85 96 65 21 46 15 1 8 61 73 77 79 56 
92 29 38 77 33 97 44 8 34 60 2 95 68 28 26 42 51 69 53 64 84 89 83 18 98 11 100 85 37 16 75 54 45 14 87 58 63 21 94 50 32 65 22 82 39 15 20 49 96 12 80 48 78 40 9 52 55 74 79 91 1 61 99 10 71 46 5 59 17 67 27 13 24 23 25 30 56 47 43 36 41 73 3 31 76 6 93 81 62 66 57 19 7 86 88 72 4 90 35 70 
81 39 27 82 59 31 62 84 42 64 83 52 91 47 100 11 96 9 74 71 12 94 65 99 6 5 88 29 61 54 53 25 49 57 55 32 77 40 69 37 36 19 30 85 4 98 24 76 26 45 41 72 1 46 75 16 22 10 50 7 20 56 58 86 73 23 97 95 44 79 14 90 78 8 3 92 60 70 87 21 68 35 2 38 43 48 89 15 28 33 93 18 63 13 80 51 17 67 34 66 
99 53 95 80 58 73 83 67 46 37 6 17 31 56 84 62 10 93 55 85 68 41 30 33 96 87 38 3 70 60 71 52 34 16 13 89 28 76 35 78 8 44 51 81 79 63 69 23 27 2 92 18 21 42 39 45 5 57 61 14 7 64 22 72 66 15 24 88 40 19 4 94 26 97 74 86 65 32 54 100 59 47 98 77 25 91 90 1 20 9 48 12 75 82 49 36 11 29 50 43 
88 71 23 76 51 40 65 94 89 36 25 14 79 72 27 41 46 82 66 77 42 91 32 69 20 45 62 24 1 74 8 67 61 31 92 19 7 70 22 85 56 3 50 83 52 55 68 11 35 17 90 96 86 49 44 26 15 73 43 58 60 81 29 6 21 87 54 48 16 57 93 98 12 18 34 33 2 80 64 38 13 4 78 84 99 53 97 5 75 63 30 37 10 95 59 39 100 47 28 9 
5 91 57 20 6 52 15 48 30 22 19 4 78 43 75 63 7 21 59 32 71 58 17 35 2 13 92 79 39 82 36 24 88 73 96 86 56 11 38 72 9 29 31 28 42 18 95 93 97 80 54 85 3 76 53 84 66 87 51 98 77 65 70 37 47 8 100 90 26 74 62 46 89 67 16 1 81 83 99 45 40 12 34 44 50 49 69 61 10 60 14 94 41 64 23 55 27 25 68 33 
79 7 41 63 93 17 18 72 68 3 8 22 65 13 76 73 81 97 99 15 10 36 21 64 75 51 66 55 26 43 47 59 60 95 9 62 5 33 39 90 88 1 38 78 58 77 70 61 86 34 24 56 20 19 37 94 30 2 32 69 35 84 25 42 4 96 12 92 49 14 52 40 6 53 11 50 71 48 85 28 67 46 100 23 27 80 82 57 29 54 44 31 98 87 74 83 89 16 91 45 
65 72 32 84 19 26 14 28 82 7 70 92 87 66 2 54 11 44 47 20 60 69 4 62 71 80 30 10 75 64 78 6 58 89 45 41 22 53 88 76 77 33 34 55 29 99 96 100 13 51 91 57 43 38 35 1 3 59 46 31 40 42 24 17 95 48 56 81 83 97 85 5 37 27 52 25 63 79 98 12 9 39 15 16 74 21 61 18 23 94 90 93 67 8 50 68 86 73 36 49 
80 97 64 59 22 47 58 100 94 74 28 99 12 84 4 46 83 43 76 78 21 44 34 66 95 16 87 52 41 77 13 23 9 5 1 82 93 35 71 15 63 31 19 53 67 37 50 27 68 3 6 79 8 7 86 2 51 45 26 75 49 33 61 36 25 20 57 11 98 32 48 88 92 14 65 42 10 29 89 90 70 40 85 73 54 24 91 72 81 30 39 38 60 62 17 96 56 18 69 55 
16 41 3 17 13 88 89 93 35 95 53 37 57 100 32 65 60 42 90 72 82 47 70 74 94 38 40 46 48 81 31 33 97 51 19 61 62 25 27 98 44 64 49 73 83 7 22 52 91 23 76 87 9 39 71 50 20 12 55 85 54 63 67 21 79 78 96 6 5 92 43 15 36 77 80 45 8 18 86 68 99 10 56 1 14 84 66 69 34 58 75 11 28 2 26 24 59 30 4 29 
25 86 75 51 24 67 23 98 18 50 1 93 16 96 41 39 52 5 9 59 19 54 43 56 35 49 7 58 90 12 80 81 63 21 83 100 42 26 46 29 92 62 84 57 61 20 60 8 88 40 94 33 70 68 17 37 65 13 28 78 99 27 73 14 34 72 45 87 15 89 64 47 11 3 69 71 30 38 53 66 77 79 55 4 82 2 22 97 48 36 74 44 91 10 76 32 85 6 95 31 
76 44 49 57 11 38 42 34 87 92 85 64 22 10 86 58 80 8 81 68 29 65 51 27 93 39 14 53 9 88 16 37 28 94 79 66 47 7 2 36 46 17 1 90 89 59 4 30 74 97 18 24 72 52 63 25 40 61 54 95 23 31 69 41 91 75 55 43 77 62 73 84 20 6 67 21 99 56 32 70 50 19 45 5 33 96 100 3 60 26 83 13 35 98 15 12 82 71 78 48 
20 54 63 5 69 53 90 60 33 27 40 15 38 29 74 6 23 62 94 31 3 59 85 79 11 89 32 45 13 42 48 39 18 86 99 91 96 95 84 75 24 21 36 35 71 9 14 25 98 65 22 97 10 73 100 67 81 64 77 56 68 30 44 12 58 82 19 46 50 88 16 2 41 4 55 83 78 26 61 93 80 92 17 57 28 7 76 49 47 8 51 72 34 37 66 70 43 52 87 1 
15 12 31 2 45 36 91 96 9 29 97 48 50 69 33 89 71 26 75 27 99 8 55 83 57 73 1 84 98 25 59 49 56 44 68 77 64 54 20 17 6 76 70 79 86 78 66 18 85 32 82 60 74 53 93 30 62 58 16 4 10 80 47 90 39 13 3 7 38 51 34 72 94 46 28 40 23 22 95 24 11 65 43 67 87 52 35 42 41 37 5 100 14 63 19 81 88 21 92 61 
1 70 46 81 40 56 52 99 85 30 14 19 63 79 24 36 18 88 35 7 67 20 61 5 97 33 22 72 92 31 60 8 65 69 11 73 87 12 55 57 38 80 94 16 43 26 58 95 54 10 83 15 47 96 23 44 48 34 21 66 2 29 4 74 28 37 93 71 86 76 49 100 82 50 17 39 75 62 9 91 6 78 32 53 98 13 59 51 90 68 42 77 25 41 27 3 45 89 84 64 
62 73 71 43 39 79 21 83 61 48 91 55 56 45 17 25 3 77 13 67 96 2 6 37 24 78 26 28 68 76 50 85 14 4 70 34 90 10 30 52 93 15 75 41 82 87 12 47 72 69 42 36 98 11 49 99 80 32 5 92 8 66 18 84 9 60 59 16 100 53 58 74 54 19 35 97 51 81 1 31 88 86 29 64 95 44 27 63 89 38 94 65 33 40 46 57 23 20 7 22 
6 55 10 68 37 4 66 78 8 77 73 21 82 51 34 98 61 49 95 30 18 17 23 100 36 50 63 86 91 15 67 72 32 92 40 38 43 3 74 24 5 45 81 39 11 48 2 42 28 56 69 88 19 89 27 14 90 29 84 41 70 85 1 22 94 35 26 64 52 65 60 76 7 44 57 96 13 59 33 87 31 20 46 83 12 62 75 25 93 71 47 16 99 79 97 9 80 58 53 54 
46 3 1 25 16 100 37 33 20 68 11 7 75 62 44 50 34 23 93 80 87 60 26 67 63 66 48 21 77 22 88 69 4 17 98 10 79 85 95 40 72 51 32 31 56 24 47 99 70 59 30 14 15 65 61 8 41 94 97 35 5 49 91 2 83 55 27 74 9 81 38 64 45 43 89 28 12 73 39 57 76 82 58 18 42 86 96 29 6 84 53 71 36 78 52 92 13 19 54 90 
45 15 84 69 86 29 43 73 48 75 13 74 26 40 47 87 35 52 63 6 81 83 41 14 65 62 11 12 24 85 76 90 59 3 94 18 23 91 57 38 10 61 80 71 36 25 44 37 77 21 70 93 46 64 7 96 53 49 22 27 88 20 8 19 42 68 39 79 97 98 82 33 16 30 78 56 58 92 60 32 95 54 5 34 89 50 31 4 100 99 55 67 9 66 2 17 28 72 1 51 
44 60 94 6 28 32 79 51 81 85 76 61 100 49 66 59 9 17 21 29 56 40 58 55 70 1 82 89 31 99 64 36 2 27 43 52 41 68 19 93 78 50 62 46 35 13 18 88 11 73 75 69 5 57 95 83 42 72 25 39 24 23 90 4 84 71 37 34 33 3 87 86 97 20 63 10 77 15 26 54 12 74 47 30 7 67 48 8 53 92 38 22 96 14 45 91 98 65 80 16 
4 19 2 35 92 13 53 22 47 62 15 65 67 95 46 43 39 55 37 3 57 78 86 68 61 18 34 69 42 97 89 60 75 26 100 54 99 72 44 48 64 9 91 94 27 38 93 7 30 28 88 52 17 24 73 56 84 6 90 33 14 58 10 70 63 21 40 82 45 29 98 41 74 36 96 23 79 66 11 25 20 59 71 51 1 16 77 87 80 81 85 8 31 76 5 50 49 32 83 12 
49 93 12 38 77 99 80 30 14 70 24 78 54 48 36 8 45 58 56 90 76 71 13 96 44 47 39 20 50 7 33 28 1 29 67 83 16 32 5 63 3 81 6 43 69 86 97 92 65 84 9 59 40 85 87 55 98 89 4 34 26 95 57 66 22 18 25 17 51 73 31 61 91 94 46 27 52 42 2 53 15 72 64 21 75 35 11 68 19 88 60 62 82 100 41 23 79 37 74 10 
82 83 50 98 76 55 61 40 27 39 99 60 89 4 92 72 19 16 96 25 43 90 15 93 59 37 64 30 74 9 46 12 78 35 73 24 65 80 7 11 2 41 68 17 87 42 5 57 67 66 10 45 36 32 26 58 79 62 20 86 13 100 54 75 53 85 31 47 48 28 51 29 8 21 1 22 84 71 6 88 33 49 69 91 23 70 52 14 38 97 81 63 95 56 3 18 94 34 77 44 
41 8 89 90 71 91 64 97 26 17 18 79 98 2 22 81 5 73 42 82 6 72 94 23 51 88 33 4 84 28 21 45 96 34 53 25 13 66 47 62 40 54 76 52 95 14 75 83 55 49 31 37 38 60 67 74 19 3 1 63 11 7 16 50 86 56 43 12 92 77 24 85 59 69 70 68 48 100 65 80 78 44 36 9 93 32 10 46 57 61 20 27 30 58 99 35 39 15 29 87 
74 21 11 67 23 42 31 87 24 18 30 51 94 38 97 83 1 14 10 12 91 16 45 17 73 79 95 36 8 80 55 20 70 6 84 50 15 9 58 56 82 26 29 22 34 60 19 63 53 96 48 92 100 43 76 54 99 77 71 2 59 44 35 64 78 61 52 32 62 69 40 75 4 5 90 13 49 72 81 3 98 37 41 65 66 25 39 28 85 27 68 57 47 46 33 7 93 88 89 86 
34 10 88 72 78 95 5 54 58 65 57 86 53 33 31 91 77 85 32 70 49 52 25 19 29 3 27 92 46 35 82 22 37 71 14 97 39 87 61 8 89 12 48 74 100 79 90 45 20 98 16 66 50 28 68 21 13 51 81 23 36 60 41 96 30 76 80 38 1 15 67 99 93 83 44 47 55 9 18 7 94 2 24 63 40 73 62 26 56 17 84 64 42 59 6 43 75 69 11 4 
52 66 9 96 63 7 59 36 57 56 64 88 41 71 69 20 27 84 68 28 53 5 100 38 54 98 10 32 2 75 92 31 42 74 30 49 81 51 77 86 33 16 39 23 85 4 15 58 1 8 78 80 91 47 18 29 44 82 12 11 87 72 6 94 46 67 89 93 65 99 50 35 19 62 95 34 76 14 37 17 90 3 83 13 22 43 79 60 55 45 40 25 26 24 61 73 48 70 21 97 
18 26 93 44 98 49 40 15 62 16 29 57 60 1 7 47 72 38 30 14 34 79 91 90 100 36 55 22 19 53 12 73 10 39 35 94 97 71 99 46 74 37 9 59 6 23 67 43 63 27 58 8 32 41 85 86 11 33 89 52 75 2 68 3 70 42 77 78 88 96 56 28 61 65 51 17 54 25 50 81 64 13 66 20 21 87 80 82 92 31 76 95 45 83 4 69 84 24 48 5 
33 84 25 4 66 14 68 7 56 80 26 63 3 31 5 75 58 100 44 10 13 24 69 46 78 29 21 76 88 94 2 74 36 79 8 6 19 30 43 83 61 87 15 62 53 50 35 41 93 81 27 49 77 97 55 38 28 65 96 47 9 34 37 59 99 40 82 52 22 86 91 48 98 45 60 64 95 20 92 89 23 71 73 11 67 1 72 39 18 70 16 85 51 12 54 90 57 17 32 42 
36 11 74 53 52 41 3 20 13 76 9 66 86 32 77 23 84 90 88 79 54 63 31 80 33 30 71 81 82 48 25 78 7 68 85 42 60 75 15 87 1 22 64 45 97 72 51 38 92 95 50 98 18 37 59 39 29 4 17 40 100 14 46 44 8 93 73 57 69 35 70 16 83 55 62 49 27 5 19 34 43 24 99 26 91 10 28 2 94 12 89 58 56 6 96 65 21 61 47 67 
54 34 24 12 2 70 57 50 72 38 95 18 52 80 43 78 92 45 62 55 85 4 14 6 25 32 16 68 89 73 93 84 44 77 17 56 58 20 59 3 98 96 65 36 47 88 31 40 29 82 87 64 69 21 83 91 1 19 13 81 94 5 7 60 23 10 28 33 27 63 99 8 67 75 22 90 11 97 35 46 51 42 76 41 79 61 9 48 86 49 15 53 100 30 71 26 74 66 37 39 
91 28 21 45 9 64 30 31 67 19 96 8 69 36 42 48 68 27 6 46 83 35 92 70 47 95 86 17 7 98 51 1 38 53 80 5 14 57 24 81 18 100 26 13 3 12 11 44 49 75 71 84 76 15 22 10 82 78 88 43 25 39 66 62 16 89 20 55 61 4 59 87 32 37 41 85 72 94 79 58 93 52 97 50 56 74 33 54 65 90 73 40 29 34 77 63 2 23 60 99 
83 43 17 73 87 69 85 39 92 55 21 12 64 81 28 61 74 25 82 11 66 75 44 57 23 59 84 99 5 51 86 88 67 72 95 90 33 98 50 32 60 48 20 24 70 46 54 77 8 16 63 31 45 80 2 42 93 14 56 6 91 79 30 65 15 47 29 41 53 26 71 52 9 68 10 78 1 76 100 13 19 27 37 89 58 40 4 96 35 34 36 49 18 94 22 38 62 97 3 7 
22 89 48 1 27 65 81 63 99 88 34 98 83 59 87 70 56 19 40 53 77 93 37 28 60 20 15 39 72 10 45 62 76 96 54 55 9 47 11 21 57 71 79 2 90 68 91 66 14 42 61 46 67 92 3 7 74 24 94 25 58 97 12 85 43 17 49 51 84 13 18 36 23 29 26 80 6 4 69 73 30 5 75 95 38 8 32 100 78 16 82 86 50 33 35 41 31 64 44 52 
37 58 100 71 42 35 51 86 32 78 22 97 33 65 13 85 73 15 49 93 2 74 1 45 18 26 41 96 27 38 29 40 82 61 28 92 52 23 31 16 94 69 56 34 99 30 10 39 4 89 66 20 54 36 62 12 57 75 70 5 48 76 64 95 67 50 72 21 90 11 47 53 3 63 84 24 44 43 14 77 7 17 59 46 60 55 68 98 83 6 19 9 87 91 79 80 8 81 25 88 
94 59 97 10 46 96 8 29 77 82 35 67 76 54 39 37 41 91 2 16 58 64 49 11 9 61 52 50 62 65 18 4 100 66 69 48 27 89 26 13 73 32 7 21 25 19 83 17 5 33 68 90 79 34 99 51 60 95 23 44 98 92 81 71 87 6 74 80 24 56 30 57 86 31 38 88 15 12 42 40 47 84 63 22 36 14 85 45 3 53 72 28 43 55 75 93 1 78 70 20 
60 61 6 79 90 23 95 5 75 47 94 71 24 17 50 99 4 89 20 51 8 67 12 97 40 56 42 87 43 3 37 41 64 91 63 22 49 65 70 34 85 55 28 86 84 76 52 80 78 58 26 100 53 9 72 48 73 35 30 16 45 38 83 18 31 32 36 19 54 1 21 93 33 39 66 2 96 74 7 82 29 77 25 88 81 69 57 62 15 44 13 59 11 68 10 14 46 92 98 27 
42 9 77 36 41 90 1 62 15 66 27 91 5 58 81 52 13 31 50 56 86 32 53 40 28 34 61 100 23 2 72 98 47 48 25 93 8 82 29 55 11 20 24 84 60 49 94 3 76 22 33 74 75 17 16 80 85 37 65 99 73 69 21 7 59 95 67 96 12 18 39 78 71 64 4 6 68 87 57 79 63 14 26 97 45 54 70 88 46 83 92 89 44 35 43 10 30 38 51 19 
55 14 30 18 79 61 84 27 98 83 12 70 43 19 1 15 32 53 54 36 88 82 20 4 92 74 8 38 51 39 3 80 46 52 6 16 40 81 21 66 75 89 58 29 96 2 28 87 57 31 45 9 48 26 47 60 100 25 10 76 33 77 85 23 62 24 94 97 41 71 11 44 72 90 86 63 69 67 56 22 35 34 91 37 59 17 65 93 64 95 7 68 78 73 42 5 99 13 49 50 
26 56 96 24 31 58 49 88 71 21 45 90 46 30 82 3 33 2 41 48 16 55 72 47 80 69 65 63 99 6 95 61 57 70 36 53 94 83 73 74 59 7 98 97 18 66 39 64 79 15 86 81 87 91 29 92 77 54 44 67 38 8 5 89 76 84 42 68 10 37 75 19 40 35 32 43 28 52 20 60 27 11 22 78 85 4 25 13 51 50 34 1 23 93 14 100 12 9 62 17 
68 57 28 64 5 34 74 85 91 6 65 11 73 98 95 88 78 99 7 21 27 37 89 58 45 94 77 35 15 84 43 92 17 9 51 60 12 96 56 1 13 67 4 72 46 100 23 10 16 38 93 50 52 66 90 19 8 40 31 30 22 32 53 54 29 70 14 2 39 75 42 26 25 48 97 59 80 55 83 61 49 33 87 47 44 71 81 79 36 62 18 69 76 20 24 86 3 63 82 41 
100 92 8 87 70 86 11 69 3 81 74 26 28 61 51 60 22 68 39 4 33 14 54 25 91 9 59 83 12 78 38 75 15 84 62 71 67 77 79 2 53 30 95 56 50 52 73 5 36 47 1 32 97 35 96 20 63 55 49 42 90 13 82 57 93 43 34 65 31 44 41 27 46 85 58 7 24 45 17 23 72 48 21 6 10 99 19 89 76 18 88 80 66 29 37 64 16 98 94 40 
40 13 29 65 97 39 7 2 52 10 20 94 96 25 8 16 85 80 24 87 75 11 36 42 17 81 18 44 30 56 58 91 50 64 59 33 37 34 28 49 19 14 86 61 12 35 27 68 69 92 38 22 89 82 70 41 43 21 57 62 83 99 15 9 72 63 78 3 46 47 5 51 76 100 54 77 88 53 93 95 60 90 84 98 55 23 73 66 31 1 45 4 6 48 32 74 67 26 71 79 
51 38 20 89 60 45 4 44 16 12 71 75 23 55 40 76 66 18 67 84 95 31 93 87 46 21 73 62 85 49 42 35 24 19 65 99 26 97 10 22 83 78 63 37 48 70 6 33 43 9 5 68 14 69 13 59 56 39 15 79 92 88 17 30 100 81 58 86 64 80 36 91 34 98 29 94 47 1 96 50 3 41 53 74 61 28 2 32 82 7 77 90 8 27 25 52 72 54 57 11 
73 82 99 93 50 63 17 32 53 23 100 38 10 9 83 34 79 6 57 42 98 70 24 3 26 90 29 43 76 5 68 13 54 88 78 45 20 86 85 39 25 8 77 1 44 51 80 55 40 41 95 27 7 72 64 18 94 71 11 46 16 74 19 28 61 36 35 91 4 48 84 49 30 89 33 66 37 65 62 14 56 96 67 15 69 92 58 52 12 75 87 97 21 47 81 60 22 31 2 59 
35 48 72 78 95 94 54 75 22 67 63 89 62 86 59 97 47 92 17 37 7 19 50 52 68 64 60 13 66 79 5 76 41 32 23 11 30 69 14 44 42 93 82 26 45 71 21 91 90 85 98 83 61 4 34 88 12 28 3 24 51 25 27 49 20 1 87 56 6 55 2 9 18 81 73 31 70 99 74 10 8 57 80 29 100 38 43 77 16 40 33 84 53 36 39 58 15 96 65 46 
19 76 80 37 47 46 33 59 43 25 72 35 44 77 93 49 14 64 29 69 41 10 97 1 22 48 96 71 67 57 63 27 87 90 18 7 100 31 89 4 62 74 17 32 81 54 99 65 34 88 2 53 58 51 6 23 78 36 73 84 79 40 52 11 26 98 60 45 66 50 13 12 21 92 82 3 16 8 38 15 39 30 9 94 20 68 5 86 42 24 61 56 83 70 91 95 55 85 75 28