50 8 21 29 43 33 87 84 97 9 77 70 30 37 69 79 71 17 46 83 23 10 99 82 35 55 93 39 42 6 14 91 7 45 75 16 13 95 86 26 57 18 4 12 64 78 24 40 51 44 34 68 72 100 48 94 98 58 52 53 90 73 15 76 88 19 5 2 92 41 96 1 49 80 54 28 66 67 74 22 36 20 61 60 32 65 63 11 56 62 25 47 27 3 85 38 81 31 89 59 
65 56 81 30 98 78 22 35 55 83 74 99 60 96 97 40 36 59 23 42 51 54 16 71 50 24 9 20 77 76 8 85 68 32 100 49 73 46 70 6 28 58 41 5 1 90 69 27 92 31 39 66 86 37 67 89 14 43 12 11 61 63 25 62 3 29 26 64 52 80 91 95 7 53 87 47 84 94 93 82 13 15 48 21 10 38 33 79 17 88 44 75 2 72 57 19 45 18 4 34 
73 16 100 86 88 24 19 77 76 10 18 7 52 87 90 31 21 72 11 51 66 26 5 48 94 60 3 32 41 29 28 97 12 78 69 40 92 59 17 20 75 15 70 46 84 43 85 65 9 61 63 74 8 57 93 2 80 79 62 82 36 96 91 34 42 38 1 67 30 81 56 99 71 89 44 50 4 14 37 58 23 22 53 95 25 39 27 68 45 47 35 13 64 55 49 54 6 98 83 33 
92 40 34 48 90 80 15 5 18 23 67 29 62 24 94 12 35 49 54 43 68 30 91 87 8 72 69 14 78 84 2 9 31 10 25 4 1 44 74 38 22 56 20 50 97 19 52 66 81 45 27 70 95 99 17 47 75 65 85 42 46 60 93 89 98 53 7 79 39 59 21 76 32 33 3 51 88 57 13 55 58 71 82 37 77 41 64 26 83 6 63 86 16 28 73 36 100 96 61 11 
57 67 14 52 20 7 47 26 4 28 66 25 27 89 98 100 3 82 6 5 21 13 53 86 38 74 96 22 2 63 80 37 90 34 60 24 79 29 36 23 32 68 39 30 8 91 95 59 17 71 33 84 19 50 78 54 35 9 55 97 51 77 43 49 58 85 11 44 83 87 64 61 48 16 31 42 45 81 73 46 18 76 75 69 12 94 70 92 40 72 56 88 99 65 62 10 15 93 1 41 
3 53 17 2 59 45 96 36 70 69 4 75 61 84 16 86 10 76 48 1 89 83 95 43 25 37 34 73 58 46 65 88 33 64 57 72 15 55 93 47 35 26 11 100 21 63 60 94 7 62 56 49 91 71 28 44 22 38 81 92 78 54 40 14 23 13 32 27 50 24 18 98 12 39 6 41 90 85 77 30 67 31 87 5 80 99 52 19 51 29 8 82 20 68 97 9 79 66 74 42 
6 38 58 71 95 41 74 61 62 93 63 15 88 85 65 34 32 91 73 26 27 33 70 75 92 44 56 100 97 4 54 39 21 83 98 94 52 66 18 99 67 49 89 37 72 13 42 82 2 80 45 90 87 40 59 3 64 36 96 76 20 47 22 9 55 8 48 10 35 31 69 86 79 60 11 24 29 25 68 19 7 1 28 57 16 84 30 46 81 43 14 77 12 78 23 53 51 50 17 5 
39 12 1 75 89 64 13 42 51 27 20 38 93 22 8 80 53 78 14 44 65 17 7 47 28 61 79 57 19 31 63 77 84 3 81 5 96 41 11 58 74 83 86 55 6 98 54 33 25 76 15 32 46 73 10 69 88 18 4 60 71 37 21 99 16 82 68 45 56 94 23 92 62 40 70 72 36 35 9 43 50 59 34 24 49 2 85 97 66 100 90 52 87 91 48 95 67 26 29 30 
49 66 94 46 91 72 99 25 68 60 56 19 55 41 57 95 50 13 28 81 59 1 62 64 88 85 45 52 67 11 89 71 48 22 53 87 51 61 82 30 38 36 79 14 16 47 23 34 93 73 21 83 29 26 6 7 20 31 77 24 18 4 33 86 17 100 97 84 69 12 10 2 75 5 8 27 15 63 78 65 44 42 90 98 96 3 54 74 35 9 76 92 32 58 37 39 80 43 70 40 
85 44 54 37 79 11 31 63 32 82 64 33 45 9 39 47 92 2 68 58 15 36 90 49 81 98 80 40 18 12 27 19 62 43 35 50 42 56 76 67 48 53 29 3 99 77 88 87 10 96 25 23 13 30 1 61 5 51 41 16 66 57 95 75 72 6 65 70 74 28 52 26 83 17 34 100 59 20 38 97 89 78 55 91 86 4 8 14 93 73 60 84 94 71 69 46 22 24 21 7 
97 100 75 95 94 52 84 23 15 39 29 65 31 19 25 33 18 85 45 34 6 61 4 14 66 22 43 41 27 93 91 11 55 40 72 56 53 71 58 37 21 28 67 70 90 32 17 79 48 30 9 76 51 20 16 49 13 83 3 98 26 12 50 47 87 44 63 99 81 57 62 36 8 82 7 35 86 92 24 96 2 54 64 88 59 1 42 73 60 68 46 5 80 69 38 74 77 78 10 89 
60 61 7 25 63 35 55 79 98 29 9 77 16 73 48 6 24 20 42 23 32 99 26 80 53 38 40 54 15 91 1 31 75 81 47 51 86 90 87 43 37 12 94 66 34 2 97 74 88 11 41 82 30 59 36 50 46 22 44 84 5 92 69 21 76 64 33 78 62 68 67 13 10 4 27 89 17 71 14 100 45 65 19 3 39 56 18 96 49 52 95 93 8 85 58 83 28 70 57 72 
99 91 74 3 51 46 49 21 8 24 88 17 36 39 93 82 30 5 60 76 97 62 42 19 98 31 55 35 63 77 50 23 25 70 66 6 38 73 34 12 44 69 57 81 85 20 33 13 47 56 72 29 26 90 27 79 28 10 40 58 43 59 48 100 86 84 83 89 4 14 22 37 95 78 65 52 1 54 16 32 80 11 71 7 61 9 41 15 67 75 18 96 53 45 87 92 64 2 68 94 
22 59 2 13 96 90 93 16 57 33 28 68 46 35 74 72 62 52 32 14 76 44 3 8 67 10 37 82 25 49 95 36 26 21 20 65 98 100 79 83 18 78 43 91 38 51 86 61 71 50 6 64 31 4 92 56 63 54 5 15 97 80 42 77 70 75 9 58 55 1 11 45 94 19 85 29 23 40 34 66 47 53 24 81 48 87 84 30 89 69 73 7 60 99 39 17 88 41 27 12 
71 17 73 83 92 31 45 28 11 54 57 4 22 12 58 78 37 96 56 80 69 85 48 5 1 9 64 29 7 68 84 30 60 74 99 97 39 33 88 14 77 59 23 41 89 72 49 10 16 100 87 21 34 52 43 8 67 24 70 2 13 19 65 82 6 18 51 94 15 61 93 42 44 91 75 81 63 47 53 3 76 95 86 40 38 46 62 27 20 66 98 50 55 79 90 35 32 25 36 26 
62 70 85 53 10 12 5 81 38 43 47 98 40 27 21 84 59 26 100 7 78 16 75 2 34 46 65 74 51 13 61 48 96 41 18 67 89 35 15 17 92 99 87 1 73 93 8 76 4 83 77 19 97 25 55 66 68 86 69 88 32 39 3 95 52 72 71 36 45 11 20 56 50 64 80 9 79 30 49 60 90 44 6 94 37 58 29 57 28 82 24 63 23 22 31 33 42 14 91 54 
68 26 89 44 42 58 48 32 37 34 15 71 86 2 79 66 64 54 55 53 70 45 28 30 90 87 52 72 50 92 76 10 94 77 9 69 5 78 8 59 62 39 36 24 80 46 7 6 3 60 75 85 1 81 95 12 96 11 18 65 29 93 49 38 41 56 20 23 27 98 73 25 97 88 61 84 57 99 51 33 14 21 91 17 35 22 74 83 63 31 67 43 4 19 82 40 13 47 100 16 
4 36 18 77 69 50 67 86 82 66 99 91 92 61 87 44 43 70 94 8 39 71 47 20 83 12 11 24 56 60 29 62 46 49 13 3 93 80 22 85 64 40 52 27 42 31 63 19 95 55 89 45 57 53 73 32 17 100 14 78 74 35 88 28 7 16 30 54 96 37 59 58 38 76 68 90 2 41 98 5 79 10 51 25 72 97 34 33 26 23 81 48 21 75 65 1 84 6 9 15 
78 9 19 41 47 40 88 20 1 65 95 11 13 97 49 67 38 3 81 75 96 84 73 18 36 94 100 59 89 58 64 44 54 4 52 63 45 2 57 27 26 14 68 98 35 15 53 22 82 5 99 42 7 33 71 23 74 37 80 91 79 90 60 10 46 17 24 8 25 85 87 6 72 69 48 83 31 39 28 21 93 50 70 43 55 77 92 32 12 16 66 62 76 51 86 34 29 56 30 61 
80 76 6 64 14 30 27 56 87 72 41 90 10 50 83 63 51 1 69 89 57 79 17 33 21 86 81 95 88 23 68 92 19 7 28 32 16 42 24 82 84 54 9 58 65 25 29 96 45 75 35 60 38 62 47 39 93 94 61 48 91 31 73 22 53 66 67 34 40 2 12 74 77 26 55 15 43 70 46 18 98 5 78 4 8 13 36 85 100 99 49 20 37 52 11 59 97 71 44 3 
81 58 67 55 48 69 75 45 44 40 100 34 96 3 64 70 4 27 9 63 80 82 33 26 57 21 16 36 91 86 90 83 79 17 77 38 11 6 25 78 30 43 74 49 2 61 94 54 98 85 7 14 47 68 52 10 19 42 35 89 60 29 53 88 28 62 66 24 59 73 65 32 37 50 95 87 93 97 5 76 1 23 72 41 13 31 71 51 8 18 39 56 46 92 15 99 20 12 22 84 
25 49 15 88 23 27 18 1 63 76 75 94 99 36 12 57 74 66 44 72 77 90 41 59 97 68 5 37 22 62 85 60 52 2 10 30 14 19 45 98 56 95 6 48 4 11 32 67 26 39 13 40 83 46 86 70 58 16 28 87 33 50 31 93 100 89 82 96 78 43 84 71 42 20 92 55 47 91 29 69 3 61 7 80 65 35 79 81 34 21 64 17 9 38 54 51 73 8 53 24 
38 94 51 68 62 61 29 52 26 56 85 50 7 31 53 97 8 71 93 65 84 18 60 99 48 11 95 64 13 28 55 42 92 24 87 74 80 49 73 22 66 46 35 83 82 89 47 57 23 27 32 36 2 98 88 37 45 39 90 12 69 91 41 67 63 81 3 20 34 4 16 43 1 72 59 79 6 9 30 40 19 14 58 78 100 75 15 17 54 44 96 25 33 86 21 77 70 76 5 10 
30 46 5 90 32 10 98 6 21 59 19 61 76 49 42 2 78 80 58 91 56 72 25 92 47 96 51 1 93 14 20 43 28 39 48 34 3 63 54 41 81 37 64 44 40 33 65 84 60 15 55 73 94 95 38 31 4 29 24 23 7 87 8 83 35 79 77 11 13 17 88 68 57 45 53 67 74 12 82 52 22 97 26 16 9 36 86 70 99 50 71 27 100 66 89 62 85 75 18 69 
24 74 4 14 12 65 89 7 41 79 86 88 35 29 23 1 45 18 22 90 10 20 52 32 100 83 63 58 61 30 46 82 67 47 51 53 9 8 16 81 78 42 72 25 3 97 73 92 38 99 69 43 33 54 15 96 71 77 93 64 49 55 75 84 48 57 85 76 5 26 17 80 21 36 94 66 27 34 70 39 60 68 56 87 62 95 11 98 6 40 28 37 19 2 50 13 91 59 31 44 
54 50 37 22 97 71 95 47 73 70 16 40 26 92 81 62 5 77 39 24 35 43 89 98 69 3 74 53 45 34 94 13 57 76 31 84 21 36 64 91 87 79 28 17 68 88 19 18 29 14 78 61 82 56 9 80 6 27 67 59 1 25 38 42 51 32 2 46 23 44 7 85 96 8 15 33 100 75 99 86 20 12 66 63 90 10 83 52 30 48 65 11 72 60 41 93 49 4 55 58 
20 28 96 11 66 99 9 19 33 13 43 79 82 47 6 60 48 41 10 68 67 8 39 40 42 81 87 85 73 24 75 100 89 50 97 26 4 15 1 32 7 86 53 31 5 62 93 91 77 12 51 3 21 17 72 63 92 74 65 57 22 61 27 16 71 90 18 30 36 70 44 49 46 56 35 64 58 78 2 54 84 38 37 45 88 69 59 55 76 25 29 14 34 83 94 23 98 95 80 52 
91 35 82 34 16 43 42 93 100 64 38 46 33 59 95 17 67 56 89 11 4 76 50 15 29 6 71 65 31 44 37 72 69 5 7 62 61 58 66 96 8 45 51 10 70 22 21 55 20 52 97 18 75 49 53 25 85 84 1 99 9 98 54 19 12 14 86 80 94 40 26 41 81 28 83 23 13 3 60 48 32 74 39 47 73 27 24 77 92 2 68 30 90 36 79 78 57 87 63 88 
31 83 84 17 3 87 80 8 85 78 51 13 37 14 73 52 15 98 20 28 2 12 46 88 19 79 54 55 49 27 59 18 70 95 23 35 71 93 65 86 1 41 100 36 63 75 76 69 50 9 91 34 60 44 30 5 66 48 26 22 72 58 6 56 99 97 39 68 21 92 24 4 90 77 38 62 25 61 10 11 64 43 42 96 89 57 53 29 33 94 74 40 67 7 32 45 82 16 81 47 
77 2 86 36 72 39 60 92 53 57 21 69 83 25 30 55 54 87 84 32 9 75 78 94 7 66 23 38 70 17 56 12 99 68 88 27 33 40 29 44 96 34 58 16 24 59 13 71 80 90 62 100 41 11 81 20 8 76 50 79 47 10 52 74 15 45 37 65 95 64 98 63 51 18 14 31 89 19 22 73 28 67 46 93 91 49 82 5 85 4 26 3 97 43 42 61 1 48 6 35 
23 15 28 10 13 47 61 76 91 51 7 43 24 11 45 16 84 35 99 55 75 93 40 34 30 36 38 48 8 21 83 63 59 31 41 52 18 9 68 79 82 66 50 87 100 17 70 80 58 20 88 92 62 74 56 90 69 19 42 37 73 72 86 81 32 2 49 3 89 65 27 12 53 95 46 44 54 64 57 4 6 94 98 85 22 26 60 71 14 67 1 29 25 33 78 5 96 39 97 77 
74 97 56 9 53 92 59 96 35 100 98 81 6 75 72 30 14 64 66 52 44 58 24 79 23 80 83 84 17 26 67 47 43 87 1 25 94 10 3 61 68 33 40 39 76 29 15 73 28 34 85 55 78 27 45 77 91 2 16 20 63 18 4 50 93 46 19 51 31 42 86 90 89 41 99 5 11 8 21 36 48 62 57 12 69 32 49 37 65 54 38 71 70 88 95 22 60 82 7 13 
18 99 79 70 11 60 44 68 52 6 23 8 63 10 41 91 90 88 19 40 86 95 1 73 71 69 61 89 28 9 98 32 100 80 92 75 12 21 5 77 16 3 22 97 55 81 45 56 35 37 82 96 49 48 7 65 53 33 46 25 94 14 39 43 57 30 76 62 24 20 78 38 26 83 58 74 72 13 87 17 42 93 59 50 29 47 51 4 84 36 54 15 66 64 67 2 27 85 34 31 
95 71 55 24 85 17 83 34 22 8 12 89 65 53 59 38 42 73 2 93 88 5 98 54 76 33 67 6 62 39 57 50 16 35 14 15 64 74 97 36 27 47 69 51 78 26 44 23 63 18 68 81 11 87 32 100 86 28 75 4 77 82 13 48 91 25 61 66 7 45 1 60 43 10 79 37 20 29 19 94 40 90 96 31 99 72 9 3 70 56 84 21 52 41 92 30 58 46 49 80 
69 82 50 94 30 54 46 87 67 49 33 62 48 28 37 96 47 29 25 22 90 53 12 41 56 45 57 31 81 18 11 55 86 42 38 91 23 34 13 60 6 4 19 8 92 52 5 7 36 64 43 59 89 93 76 15 84 14 79 44 16 21 17 70 95 40 98 74 26 9 85 39 3 63 71 32 97 68 80 77 78 83 20 1 66 73 58 2 88 27 61 100 75 10 72 24 35 51 65 99 
63 90 66 39 84 2 37 29 31 81 1 27 57 51 20 85 79 4 82 49 42 50 72 65 74 14 78 97 92 55 22 99 56 44 46 54 76 62 69 89 93 94 24 77 32 86 25 9 11 41 23 5 12 58 70 34 61 95 73 52 88 71 59 80 8 87 60 83 68 33 35 7 67 98 30 96 75 15 100 28 21 45 38 64 19 17 10 13 53 91 40 36 48 16 18 47 26 3 43 6 
43 57 64 26 45 16 86 58 40 20 36 5 77 83 32 46 44 15 67 71 63 68 96 3 52 47 82 19 60 70 78 65 39 27 95 73 72 4 48 93 13 75 31 99 30 14 84 88 59 21 10 98 80 24 41 17 38 1 29 35 28 23 90 54 97 22 12 37 85 69 49 66 91 2 50 6 42 55 92 51 33 7 8 18 11 100 25 61 74 34 9 89 56 53 76 94 62 79 87 81 
48 27 32 78 21 98 41 12 42 4 17 9 39 58 56 92 87 95 76 86 20 25 100 7 13 43 77 46 64 35 70 40 2 90 8 96 26 53 19 45 71 1 60 54 10 67 62 89 85 49 94 51 66 31 22 57 3 30 36 72 75 15 99 5 34 52 29 6 47 38 61 81 82 65 69 88 18 73 33 84 63 79 68 55 24 44 97 16 80 28 37 83 59 23 74 50 14 11 93 91 
72 73 36 1 7 5 3 14 93 38 50 80 94 13 61 74 70 69 78 54 16 91 49 27 87 29 66 4 59 51 88 6 24 30 85 33 37 20 28 84 43 96 83 53 12 95 90 2 65 48 8 26 39 60 99 97 18 71 47 21 92 11 44 79 64 67 10 35 58 100 45 22 34 52 40 56 9 31 25 62 15 41 23 46 82 81 76 89 75 77 32 98 63 57 19 55 86 17 42 68 
88 19 77 62 33 25 65 80 75 89 31 100 21 68 60 26 97 34 18 3 22 94 2 85 99 32 15 10 11 37 51 58 82 71 17 7 66 81 49 29 91 72 46 61 98 74 79 38 42 57 83 13 40 6 64 9 50 67 54 63 55 84 36 53 96 78 56 1 41 27 76 47 16 14 93 48 70 23 59 24 35 92 52 86 30 5 95 87 43 39 45 28 69 8 44 4 12 90 20 73 
98 30 11 59 58 94 73 9 89 14 82 51 69 6 96 18 22 32 86 2 52 92 54 60 55 41 12 61 39 1 72 79 38 93 71 77 88 24 35 56 5 13 25 42 17 7 4 78 97 84 74 75 16 64 33 43 65 85 48 8 21 76 68 27 29 83 53 81 37 50 57 23 40 87 36 20 44 80 3 90 66 19 31 67 34 62 26 63 46 45 91 10 28 100 47 70 99 15 95 49 
26 88 13 92 15 48 77 60 5 91 73 47 66 79 19 56 40 11 50 64 30 87 83 29 18 63 27 76 44 67 96 49 45 94 22 46 20 75 14 55 2 80 21 85 53 38 99 62 33 59 24 89 84 7 39 78 42 12 86 41 10 74 70 31 25 1 54 100 43 8 9 35 6 37 97 58 52 51 81 61 72 16 17 90 28 23 93 95 71 98 4 68 57 82 34 3 65 36 69 32 
79 80 95 38 6 3 62 57 16 22 90 67 34 52 14 98 61 39 13 41 93 65 97 24 11 70 35 47 4 74 99 26 18 15 29 78 69 89 91 53 10 8 92 71 49 100 9 37 75 51 44 20 36 19 66 73 23 68 58 32 30 48 56 7 85 86 17 33 77 63 72 64 28 42 5 82 50 46 45 59 81 2 27 83 40 25 87 43 1 96 88 54 31 94 12 76 55 21 84 60 
75 7 35 21 44 100 2 43 61 67 25 78 85 74 92 99 83 48 38 29 31 89 56 84 6 91 59 45 98 15 39 1 11 16 5 9 60 51 50 68 46 81 34 65 27 94 36 64 90 58 28 87 17 18 80 88 26 63 49 10 52 3 32 20 22 55 57 69 73 47 79 30 41 70 24 54 62 96 12 95 86 37 76 8 33 82 13 42 4 14 97 53 40 93 77 66 71 72 19 23 
46 93 47 81 74 82 71 55 49 31 68 45 53 57 28 58 80 60 15 17 100 86 19 51 75 40 73 16 66 50 6 95 23 36 2 43 62 97 61 65 29 77 44 32 54 76 18 52 89 72 96 37 4 21 14 1 9 56 83 69 87 64 26 24 67 99 90 41 88 13 25 11 63 34 10 39 94 38 48 27 91 3 12 70 84 30 35 59 22 92 78 85 42 20 33 8 7 5 98 79 
42 63 10 28 83 4 78 97 45 36 35 93 1 94 91 21 23 30 16 59 49 7 9 53 33 64 68 77 96 88 66 98 34 8 3 37 67 57 32 74 12 22 73 82 31 70 43 95 55 69 79 25 90 76 100 60 40 46 13 27 62 2 71 44 80 11 14 38 72 15 99 89 56 84 86 19 85 17 47 75 51 58 41 20 18 54 61 65 52 5 87 6 81 39 26 48 50 29 24 92 
37 54 12 20 24 23 50 72 56 17 42 95 8 71 10 76 63 9 97 77 48 22 57 69 43 99 14 13 26 80 52 59 27 85 84 70 47 31 41 64 60 61 96 67 19 16 35 3 87 74 92 62 45 51 82 38 81 91 94 93 58 79 78 46 40 28 34 5 6 36 55 88 98 1 4 7 65 33 66 83 100 49 32 15 53 29 68 21 39 89 2 73 18 25 30 90 11 44 75 86 
33 68 90 19 27 76 34 65 64 18 54 12 70 5 55 88 26 37 24 20 71 46 36 38 10 78 94 8 32 81 44 25 83 73 80 92 82 86 7 87 63 57 1 6 14 23 30 48 40 28 95 99 61 3 98 72 97 53 31 50 35 66 84 45 39 4 42 59 91 93 2 16 100 13 43 21 22 49 15 29 9 85 47 75 79 11 77 60 69 74 62 41 89 67 51 56 17 52 58 96 
1 32 70 8 87 86 53 99 29 84 81 44 75 72 89 65 49 7 33 100 37 42 85 62 79 2 25 3 95 90 13 21 17 58 19 10 40 28 12 4 50 11 91 26 88 39 20 47 41 66 52 30 35 34 54 67 15 5 6 71 23 9 16 96 82 51 94 98 60 97 68 93 76 31 77 14 92 18 69 74 56 24 36 48 57 55 73 38 64 78 43 80 22 63 59 27 61 83 46 45 
40 52 41 85 25 51 69 66 39 96 3 36 4 46 27 87 31 62 43 84 82 34 58 23 5 28 72 17 21 20 33 81 30 54 42 76 63 48 90 100 83 98 93 45 86 24 56 15 68 79 70 47 59 2 29 22 77 57 11 55 95 89 18 12 61 65 92 75 49 19 32 67 78 73 60 26 71 53 8 91 94 88 99 44 97 7 6 80 50 10 16 1 35 74 13 64 37 9 38 14 
94 3 43 18 8 55 40 39 66 80 48 64 58 100 68 42 72 74 87 70 73 78 77 4 85 5 31 99 6 69 7 51 1 98 62 12 54 76 44 46 19 9 45 23 52 57 34 41 61 97 90 63 96 83 24 13 11 49 15 47 38 65 82 17 21 93 88 71 16 75 53 27 2 29 20 10 14 26 89 67 92 84 30 56 60 59 50 35 37 95 22 91 86 32 81 79 36 33 28 25 
67 77 93 65 52 73 91 95 71 44 53 76 20 86 62 51 27 50 41 96 45 48 74 89 24 18 22 26 16 57 10 84 14 9 36 68 58 43 31 33 85 100 98 64 29 92 72 4 83 35 66 78 32 38 87 46 37 7 17 34 25 28 23 13 54 59 79 49 12 30 63 21 99 47 56 3 55 82 1 8 11 81 69 6 75 15 19 39 2 97 80 61 88 42 70 60 5 40 94 90 
87 96 20 6 76 19 54 37 92 50 71 30 81 80 35 93 57 75 17 13 28 9 65 10 95 51 8 70 72 66 32 56 61 29 40 82 25 52 47 16 14 89 77 74 59 79 48 90 1 43 22 39 68 45 23 99 60 44 97 62 31 78 34 11 94 42 58 15 3 46 5 91 33 85 12 69 38 98 4 49 88 26 18 36 63 53 21 86 24 55 83 64 7 84 27 73 41 100 2 67 
34 45 57 84 64 1 21 98 78 88 8 16 15 23 54 59 19 25 37 18 38 2 55 13 46 49 7 68 79 71 30 22 87 11 27 66 48 83 63 97 33 70 17 86 69 3 50 60 44 6 4 77 53 61 42 26 12 41 74 31 67 43 5 73 47 39 40 90 14 29 51 75 36 81 100 65 96 72 62 35 52 82 85 28 58 93 80 94 91 32 92 9 10 76 24 20 89 99 56 95 
86 62 42 99 17 22 51 24 13 41 40 26 12 78 84 36 82 67 79 97 33 23 11 58 54 39 44 94 35 19 3 64 93 6 50 81 49 92 59 71 88 32 2 47 75 10 27 8 91 87 16 48 73 70 65 28 21 52 56 14 76 20 83 98 60 9 100 4 63 74 46 34 80 68 45 30 95 77 43 15 29 89 25 38 5 61 31 7 90 1 72 55 85 18 53 69 66 57 96 37 
7 75 46 47 4 38 90 33 36 97 11 28 14 77 44 39 91 65 52 60 87 59 32 83 61 100 53 62 20 64 79 45 8 72 21 88 99 70 67 35 15 55 30 94 66 54 80 5 84 93 29 69 76 9 3 19 2 98 71 85 27 95 81 18 89 68 22 26 51 56 6 57 73 24 25 86 41 37 50 92 12 96 40 42 43 48 23 10 78 17 31 58 49 34 16 82 63 74 13 1 
83 79 26 16 81 89 11 74 9 35 61 63 38 95 33 90 98 31 21 94 12 29 30 17 91 50 42 25 37 41 60 28 13 19 34 23 78 5 96 73 24 51 82 7 56 49 67 68 46 40 86 58 92 36 75 93 100 72 20 6 85 97 2 69 1 10 80 53 70 55 66 59 84 22 52 18 32 88 64 44 4 77 54 99 45 14 57 76 27 65 48 87 3 47 8 15 39 62 71 43 
53 60 68 5 82 70 32 59 23 15 45 6 56 69 46 29 9 47 1 99 36 14 88 67 27 93 90 80 76 52 24 74 20 38 86 55 85 37 2 94 95 25 71 11 28 21 12 39 96 63 57 91 18 8 51 84 10 89 43 81 41 7 62 61 92 50 64 48 19 72 31 54 87 58 13 17 40 16 97 42 34 66 73 33 83 79 22 100 3 49 30 35 98 26 4 75 44 77 78 65 
100 14 72 27 61 28 10 48 30 2 55 66 73 43 3 49 85 92 4 88 60 81 63 96 40 34 86 56 75 47 15 80 53 89 91 18 95 39 42 69 65 62 38 78 36 58 26 31 22 16 64 94 25 5 79 33 1 50 82 54 99 32 37 35 77 24 44 57 84 52 90 9 23 74 19 76 7 11 83 93 70 87 13 51 71 8 67 20 98 41 6 59 29 97 68 21 46 45 12 17 
56 85 29 49 31 63 58 69 12 25 24 2 32 34 5 89 7 22 83 10 98 15 92 97 3 82 1 21 84 43 77 4 41 26 65 90 100 17 75 57 53 76 42 73 81 99 37 20 18 13 80 95 27 55 35 59 30 40 88 67 96 33 45 36 66 91 87 86 8 6 28 70 61 79 39 71 60 48 94 78 74 9 44 68 46 16 47 72 62 64 51 38 54 50 52 11 23 19 14 93 
32 69 88 33 55 84 6 78 47 85 37 86 50 1 40 64 39 51 77 27 41 67 66 90 60 16 30 98 3 97 73 61 81 23 93 29 2 79 53 5 99 17 13 21 62 83 91 44 34 82 14 72 43 42 96 76 25 4 9 38 70 36 80 63 26 48 95 7 11 22 94 100 35 46 28 45 49 56 54 87 65 75 10 19 52 92 20 58 68 59 57 31 74 24 71 12 18 89 15 8 
16 22 97 4 2 77 81 44 59 52 78 83 87 33 66 9 11 43 5 73 92 51 13 1 26 19 50 28 29 99 34 68 65 100 76 47 31 96 60 10 49 38 55 79 74 35 71 46 12 25 61 56 24 85 18 40 82 93 84 3 8 17 20 15 45 27 72 39 54 88 48 53 86 6 32 36 98 62 23 57 37 70 94 89 64 80 14 69 7 30 75 42 41 90 63 91 95 58 67 21 
19 29 25 63 34 53 23 31 96 26 79 35 72 44 88 32 41 36 57 69 47 77 37 52 59 42 70 9 48 7 38 17 22 82 55 20 90 45 46 54 51 97 8 89 11 85 2 28 14 68 5 50 65 75 60 71 27 87 21 94 64 49 74 92 56 73 91 61 100 86 43 10 15 99 16 93 24 58 18 12 83 98 95 76 6 33 1 67 13 81 3 39 78 40 84 80 4 30 66 62 
45 18 3 82 80 74 68 54 58 71 76 31 19 91 29 75 28 100 65 4 55 64 43 95 96 8 85 81 57 87 16 7 49 92 11 44 36 84 9 62 86 90 33 72 20 27 41 24 53 70 59 17 37 12 63 35 32 34 78 73 83 46 89 6 13 69 93 50 10 23 97 77 39 25 67 60 30 42 79 1 99 56 21 66 47 40 2 22 48 15 52 51 14 98 5 88 94 61 26 38 
5 51 8 72 39 42 36 13 50 86 94 97 2 98 18 81 16 24 7 12 62 32 82 46 31 75 6 79 65 53 19 35 78 59 56 1 77 85 40 15 9 63 76 57 23 4 66 30 52 22 58 80 69 28 49 45 70 20 64 26 68 38 67 29 14 3 21 43 99 90 89 33 27 61 74 92 83 95 88 37 71 55 93 100 17 91 44 25 41 84 11 34 96 54 10 87 47 60 73 48 
27 64 49 100 67 79 57 41 17 46 70 10 42 62 52 61 68 90 59 38 25 4 94 56 39 23 88 93 34 36 48 75 58 18 83 14 91 26 33 3 80 92 15 96 60 65 6 45 54 32 2 22 98 89 44 74 7 97 99 95 12 30 51 87 81 47 55 9 71 53 19 40 29 66 21 11 73 84 20 31 16 86 63 72 78 85 5 8 77 24 82 69 13 35 1 37 43 28 50 76 
10 87 38 40 93 15 14 91 65 62 22 48 71 67 17 23 60 84 3 46 83 24 21 11 72 89 76 33 54 45 4 8 95 51 12 99 97 64 27 63 61 5 37 56 18 73 1 58 94 88 47 41 52 79 31 30 90 81 19 66 98 16 77 57 75 34 25 85 42 82 13 69 59 9 78 70 68 2 26 80 39 32 43 74 50 28 96 36 29 35 100 44 6 49 55 7 53 92 86 20 
76 37 9 7 70 95 28 83 94 30 6 55 49 56 80 15 58 53 96 85 74 27 20 100 22 17 2 69 86 38 41 24 32 67 39 89 50 87 21 72 42 16 59 19 43 84 81 26 64 98 11 10 77 91 68 51 48 13 92 1 40 62 66 52 78 35 31 60 18 5 8 44 47 71 63 75 3 90 65 14 61 73 88 79 54 34 4 82 57 12 36 99 45 29 46 25 93 23 33 97 
90 89 60 43 75 56 92 11 20 48 14 21 95 93 63 45 25 99 34 74 91 40 61 35 80 73 84 78 12 5 71 94 6 66 37 13 57 98 30 28 31 10 3 29 47 50 87 77 69 67 36 15 54 39 8 83 16 88 100 86 24 1 58 33 65 41 4 19 44 79 81 52 64 55 96 22 82 7 76 38 53 18 62 97 26 51 46 49 23 42 59 32 17 70 9 72 68 27 85 2 
61 21 98 12 35 66 1 73 24 99 89 92 47 82 13 54 20 8 26 30 58 63 68 44 15 71 49 18 14 10 74 69 88 86 70 42 43 25 52 80 100 93 7 75 39 48 40 36 78 95 67 53 55 23 46 6 57 62 33 29 37 94 76 2 59 96 84 97 28 32 41 5 85 51 72 91 34 4 17 50 38 27 9 11 87 90 3 45 31 60 77 19 83 56 22 65 16 81 79 64 
9 25 76 45 19 44 35 17 27 12 39 85 3 90 51 71 13 68 31 16 50 41 84 74 49 1 48 92 99 2 53 67 66 63 54 98 56 94 26 70 69 82 88 38 95 80 77 83 37 4 30 6 10 32 20 24 29 59 22 96 100 8 14 40 11 21 46 52 65 7 42 97 93 43 23 78 87 89 75 72 5 47 81 58 36 18 91 62 61 33 79 60 15 73 28 86 34 55 64 57 
93 10 33 67 18 62 43 89 48 3 34 52 84 70 77 50 96 28 49 61 7 11 29 6 32 90 39 87 80 94 5 57 4 25 59 58 68 14 72 42 98 20 16 60 15 45 51 35 99 92 37 31 9 97 85 91 79 8 2 46 53 27 24 55 36 12 75 56 22 54 47 17 19 30 73 95 81 86 41 88 26 64 100 13 23 71 38 66 44 83 21 74 65 1 40 63 78 69 76 82 
51 41 59 61 78 88 56 82 7 94 5 20 44 8 1 4 65 63 92 62 95 70 81 21 37 76 47 23 38 83 97 15 40 46 43 28 29 12 55 31 73 71 90 9 96 34 58 53 39 89 3 67 100 72 26 11 36 69 45 75 80 68 57 66 33 60 35 13 17 25 50 18 22 27 49 98 99 10 84 64 87 52 77 30 85 74 48 24 79 86 42 2 91 6 93 14 54 32 16 19 
66 55 40 96 86 34 79 2 77 90 10 32 74 26 9 43 75 21 35 25 72 73 18 12 20 58 13 67 36 22 23 41 3 84 44 64 83 69 51 48 97 65 14 59 46 42 31 85 30 78 53 28 63 80 89 95 33 61 57 17 6 81 98 37 49 92 70 47 93 62 54 29 52 15 91 68 56 1 39 45 27 4 60 82 76 19 99 50 16 7 94 24 38 5 100 71 8 88 11 87 
8 31 87 42 99 83 16 30 6 37 80 73 64 48 15 24 93 81 95 57 5 60 34 91 51 77 75 27 71 85 17 78 76 62 74 11 19 88 100 49 25 7 61 43 67 18 22 86 32 33 65 4 70 94 50 21 54 23 66 13 84 26 72 1 2 58 45 63 82 89 38 20 14 59 9 46 28 36 40 79 10 69 97 92 3 96 39 12 55 53 41 90 47 44 29 68 56 35 52 98 
47 11 71 54 5 21 20 70 46 75 83 41 23 66 86 69 55 19 91 45 43 57 10 31 4 35 97 30 52 65 9 87 73 96 89 80 32 16 85 39 40 29 12 63 50 36 100 72 74 1 98 93 15 88 84 81 56 90 27 18 34 44 64 3 79 94 38 77 48 78 82 62 24 92 76 2 33 60 61 53 17 8 67 14 68 37 28 6 42 22 7 49 26 95 25 58 59 13 99 51 
29 24 23 57 60 14 97 22 84 63 58 56 54 40 2 7 100 89 36 47 61 69 59 68 82 53 17 66 33 78 92 93 91 13 79 45 34 1 77 90 70 64 5 28 26 6 3 11 21 8 38 35 42 41 74 52 55 25 76 49 39 85 19 71 18 95 43 87 86 99 80 94 4 67 37 12 48 44 32 16 73 51 15 65 31 88 98 9 72 20 27 46 30 81 83 96 75 10 62 50 
52 92 39 74 68 36 38 50 80 58 30 82 59 42 22 11 76 6 98 87 14 19 93 63 89 56 26 15 24 16 21 27 37 61 33 71 10 65 81 95 47 84 62 2 13 41 55 49 79 91 48 86 44 43 5 64 83 99 60 40 4 51 96 97 73 20 28 88 90 67 70 3 66 100 57 34 8 69 7 25 54 35 29 32 1 45 75 78 94 46 12 72 77 9 17 85 31 53 23 18 
13 98 53 69 73 26 100 64 81 32 72 18 79 17 38 14 99 94 88 37 8 28 45 55 62 25 46 86 9 96 47 2 35 60 6 22 75 50 20 24 23 87 48 52 44 56 57 93 27 54 19 1 71 78 12 92 34 82 7 68 15 41 29 91 30 5 16 42 76 10 74 83 31 11 51 77 21 65 58 85 59 40 80 49 70 89 90 84 95 63 33 97 36 4 61 43 3 67 39 66 
28 1 65 91 49 85 4 15 72 95 97 53 29 60 67 27 46 33 12 78 79 100 44 42 64 54 98 88 40 3 86 38 36 52 30 8 7 82 99 18 17 19 75 68 94 66 10 81 76 24 73 16 14 77 58 62 51 47 87 39 50 69 61 59 9 74 23 31 32 83 71 96 55 90 26 13 5 6 35 63 57 25 11 34 2 43 56 41 21 93 70 45 84 80 20 89 48 37 92 22 
58 84 31 51 54 8 70 10 90 19 62 72 41 76 85 77 69 42 30 6 13 56 14 57 44 15 21 2 55 79 87 89 98 75 96 59 22 60 83 9 52 35 65 4 61 68 74 43 49 46 81 24 88 29 94 18 39 17 23 28 3 40 12 25 37 36 99 73 53 91 95 78 20 32 82 63 64 45 71 7 97 34 1 27 92 50 16 47 86 38 5 26 93 11 66 67 33 80 48 100 
17 33 45 66 1 6 12 85 95 16 84 49 25 38 100 3 81 44 51 98 34 80 67 9 73 62 92 5 53 59 40 52 15 56 24 61 55 30 43 11 20 50 10 90 79 71 96 29 31 7 46 8 99 22 21 42 78 32 91 77 65 13 35 4 83 70 47 28 2 18 14 48 54 93 41 97 26 27 86 23 68 60 89 39 74 76 69 75 58 37 19 94 82 87 64 57 72 63 88 36 
15 39 52 79 28 29 25 27 34 5 65 1 18 88 99 68 33 57 53 56 64 49 38 16 17 30 60 7 47 48 45 73 85 12 94 36 41 3 10 50 76 2 97 93 22 69 82 42 86 26 71 54 58 35 4 75 62 66 63 70 44 6 9 51 24 31 89 72 67 96 37 19 11 21 90 8 46 100 55 13 43 80 83 84 14 98 78 40 59 87 23 81 95 61 91 32 92 20 77 74 
64 13 80 87 40 37 72 71 69 42 26 58 28 16 43 73 86 93 90 21 94 66 6 61 45 88 19 12 23 89 31 33 51 99 63 95 81 27 4 25 54 91 32 15 77 53 38 70 62 47 50 97 67 92 11 14 76 55 34 7 59 100 85 41 68 98 78 17 46 49 83 24 74 3 2 57 39 22 96 9 82 36 5 29 56 20 65 48 18 8 10 79 44 30 60 84 52 1 35 75 
14 78 92 93 65 97 30 38 74 55 91 24 67 15 36 48 12 46 61 9 11 96 86 37 77 26 18 63 85 54 82 76 42 79 16 100 6 72 80 7 58 44 84 34 25 87 39 51 8 3 60 33 5 10 2 98 47 73 53 43 45 75 1 90 19 23 27 21 20 66 4 50 88 35 29 94 69 59 56 81 31 28 22 71 95 52 17 64 32 57 89 70 62 13 99 49 40 68 41 83 
11 43 63 89 50 67 94 75 86 21 92 87 97 7 78 20 52 45 47 39 1 3 51 72 68 4 33 83 100 82 18 53 74 69 26 57 17 54 71 88 41 48 27 80 37 9 64 99 24 19 49 38 93 16 40 36 31 6 95 61 14 56 30 32 10 77 62 29 79 84 60 28 65 12 98 73 76 5 44 34 55 46 35 23 81 70 66 91 96 13 15 8 58 59 2 42 90 22 25 85 
2 23 48 76 46 32 7 49 83 53 13 54 11 4 50 37 95 55 70 79 99 31 35 78 41 27 10 75 69 98 93 90 5 91 64 21 65 77 39 92 72 60 56 40 57 12 14 1 6 36 20 9 74 86 25 85 52 80 59 45 81 22 87 94 43 63 8 82 33 34 58 15 68 62 84 16 61 66 67 89 30 100 3 26 42 24 88 44 73 19 47 18 71 17 96 29 38 97 51 28 
35 81 44 60 36 96 82 18 88 73 2 22 17 32 34 94 89 10 8 31 40 52 76 93 58 84 29 91 46 42 62 70 47 20 78 86 28 68 38 19 59 67 95 13 83 30 98 75 66 23 1 27 64 15 90 87 72 3 37 100 48 5 97 26 74 71 69 92 57 39 77 79 25 49 33 80 51 43 6 99 85 63 4 9 41 21 12 54 11 61 55 65 50 14 56 16 24 7 45 53 
59 4 22 98 9 91 24 62 99 47 96 74 5 64 75 35 29 14 40 19 81 97 8 39 65 20 28 71 90 32 58 66 44 1 67 48 46 23 84 34 89 88 85 92 45 55 11 63 100 17 12 57 56 13 83 82 41 26 68 51 54 86 7 60 50 61 52 16 80 95 30 72 18 38 42 53 10 87 36 70 77 33 49 2 15 6 94 93 25 79 69 78 43 21 3 31 76 73 37 27 
41 20 61 56 57 68 26 100 3 77 59 60 80 63 71 83 66 23 27 82 24 74 87 22 70 95 36 50 43 25 35 29 97 14 49 2 8 32 37 13 94 21 78 18 33 5 28 16 73 81 84 44 79 65 69 48 89 96 30 19 93 42 11 58 38 88 15 55 64 76 92 31 17 75 1 40 91 52 85 47 62 99 45 53 7 67 72 90 10 51 34 4 39 12 98 6 9 86 54 46 
36 65 99 15 29 57 76 90 10 1 46 14 100 81 7 28 34 38 71 95 18 88 79 70 78 13 20 44 68 40 69 54 77 48 45 31 24 47 62 21 39 27 80 33 41 8 59 25 5 2 17 52 3 63 19 16 94 35 32 83 89 67 92 85 4 26 74 91 87 58 75 73 60 97 66 61 12 50 72 56 49 6 84 22 93 64 37 53 9 11 86 23 51 96 43 98 30 42 82 55 
21 6 30 58 56 20 33 46 54 11 87 37 43 55 76 10 88 79 64 15 53 47 27 66 86 52 24 42 82 75 25 16 9 28 61 19 70 7 92 1 3 23 81 62 91 40 78 50 72 38 93 65 48 84 77 41 44 45 98 5 17 99 94 68 90 80 59 22 29 60 39 51 69 57 18 49 67 74 95 2 96 13 14 35 4 63 32 31 97 26 85 12 73 89 36 100 83 34 8 71 
84 95 91 80 38 81 8 53 60 92 93 57 9 30 47 25 17 40 29 48 19 21 69 77 16 67 32 49 83 61 26 20 72 37 15 79 59 11 89 52 4 85 54 22 58 1 75 97 56 10 18 7 50 14 62 86 99 64 51 74 42 24 100 23 5 33 36 12 98 35 3 55 70 96 88 43 78 28 27 41 46 39 2 73 94 66 45 34 82 71 13 76 68 31 6 44 87 65 90 63 
12 72 78 97 100 13 52 94 14 61 32 39 89 54 26 53 73 83 85 92 46 35 23 81 93 59 99 96 10 33 43 86 63 65 82 41 87 91 95 76 34 74 66 69 9 44 68 98 19 42 31 71 28 1 57 55 24 70 38 30 2 88 79 64 62 37 6 40 75 3 36 84 45 48 22 4 16 21 11 20 8 17 50 77 51 60 7 56 15 90 58 67 5 27 80 18 25 49 47 29 
44 86 24 50 37 18 39 67 25 7 52 84 78 20 82 41 2 12 75 66 17 6 64 45 14 65 4 11 87 73 42 3 10 33 90 60 74 99 56 40 79 30 26 95 71 28 89 100 15 77 76 88 22 96 91 27 49 21 8 36 57 34 47 72 31 43 13 32 38 51 29 46 9 94 81 85 80 93 63 68 69 48 92 61 98 83 55 23 5 58 53 16 1 62 35 97 19 54 59 70 
70 34 62 32 22 75 85 40 28 98 27 59 91 45 24 19 94 16 80 50 3 39 15 36 63 7 58 51 30 95 81 14 71 97 4 17 35 13 78 8 55 6 18 20 87 96 46 12 67 86 42 2 23 47 37 29 43 92 72 90 11 83 10 65 69 49 73 25 9 77 100 82 5 44 64 99 53 79 31 26 41 57 33 54 21 68 89 1 38 76 93 66 61 48 88 52 74 84 60 56 
82 42 27 23 41 93 66 51 19 87 60 3 68 21 70 5 1 58 74 33 26 38 31 50 9 92 89 90 94 8 36 96 80 55 32 83 84 22 98 2 11 73 49 35 48 37 61 17 43 65 100 12 6 67 34 4 95 75 10 56 86 53 63 30 44 7 81 18 97 16 15 14 13 54 62 59 77 76 91 71 25 29 79 52 20 78 40 88 47 85 99 57 24 46 45 28 69 64 72 39 
89 47 83 31 71 49 63 88 79 68 44 42 98 65 11 13 56 61 72 36 54 37 80 25 84 57 62 43 5 100 12 34 64 53 73 93 27 18 94 75 45 24 99 76 51 82 16 21 70 29 26 46 85 69 97 58 59 60 39 9 19 52 55 78 20 15 96 14 66 48 33 8 30 23 17 1 35 32 90 6 95 91 74 10 67 86 81 28 87 3 50 22 92 77 7 41 2 38 40 4 
96 48 69 73 26 59 64 3 2 74 49 23 90 18 4 22 77 86 63 35 85 55 71 28 12 97 41 34 1 56 100 5 29 88 68 39 30 67 6 51 36 31 47 84 93 60 92 14 57 94 54 11 20 66 13 53 87 78 25 80 82 45 46 8 27 76 50 95 61 21 40 65 58 7 89 38 37 83 52 98 24 72 16 62 44 42 43 99 19 70 17 33 79 15 75 81 10 91 32 9 
55 5 16 35 77 9 17 4 43 45 69 96 51 99 31 8 6 97 62 67 29 98 22 76 2 48 91 60 74 72 49 46 50 57 58 85 44 38 23 66 90 52 63 88 7 64 83 32 13 53 40 79 81 82 61 68 73 15 89 33 56 70 28 39 84 54 41 93 1 71 34 87 92 86 47 25 19 24 42 10 75 30 65 59 27 12 100 18 36 80 20 95 11 37 14 26 21 94 3 78