2 11 16 5 13 6 1 12 7 14 3 8 4 9 15 10 
8 14 7 13 3 2 16 11 10 9 15 4 1 5 12 6 
4 1 9 6 5 8 10 15 2 11 13 12 7 16 3 14 
12 15 10 3 7 14 4 9 16 1 5 6 11 8 2 13 
10 12 6 8 16 13 7 4 14 2 1 15 9 3 5 11 
11 9 5 16 6 3 2 8 4 10 12 13 14 15 1 7 
7 4 14 15 11 1 12 5 8 3 6 9 2 13 10 16 
1 3 13 2 9 10 15 14 5 7 11 16 8 4 6 12 
5 8 12 4 14 7 9 16 1 15 2 10 13 6 11 3 
9 16 1 7 10 11 13 2 6 5 8 3 12 14 4 15 
6 13 2 11 1 15 8 3 12 4 16 14 10 7 9 5 
3 10 15 14 4 12 5 6 11 13 9 7 16 2 8 1 
15 7 4 1 8 5 11 13 3 16 10 2 6 12 14 9 
14 6 8 9 15 4 3 10 13 12 7 11 5 1 16 2 
13 2 3 10 12 16 14 1 9 6 4 5 15 11 7 8 
16 5 11 12 2 9 6 7 15 8 14 1 3 10 13 4 