5 3 6 7 8 9 22 25 10 4 12 11 13 14 15 16 19 17 1 2 23 18 20 21 24 
1 2 4 9 10 16 17 19 18 20 3 5 6 7 8 21 22 23 24 25 11 12 13 14 15 
14 15 18 19 20 1 2 3 5 6 21 22 23 24 25 7 8 11 12 13 4 9 10 16 17 
16 17 22 24 25 11 12 13 21 23 1 2 4 9 10 6 14 15 18 20 3 5 7 8 19 
11 12 13 21 23 7 8 14 15 24 16 17 18 19 20 4 9 10 3 5 1 2 6 22 25 
2 16 1 3 4 24 18 22 6 19 11 12 25 5 7 13 10 14 17 21 20 23 15 9 8 
22 19 17 14 24 2 3 4 9 5 13 23 16 15 1 8 12 20 25 18 6 7 21 10 11 
6 10 25 15 21 13 7 20 23 14 2 4 9 8 18 11 24 1 16 19 5 17 22 3 12 
7 5 9 8 11 25 1 21 12 15 10 20 17 22 14 2 4 3 6 23 16 19 24 18 13 
12 13 20 23 18 10 11 8 16 17 6 21 19 3 24 5 7 9 15 22 2 4 25 1 14 
9 4 2 1 3 18 19 17 14 13 25 10 8 16 6 24 23 21 22 7 15 11 12 20 5 
21 11 24 6 15 12 23 2 3 16 19 14 22 20 9 10 5 18 13 8 25 1 4 17 7 
20 8 16 12 22 5 21 1 4 7 24 15 2 11 13 19 17 25 14 9 18 3 23 6 10 
10 7 5 13 17 20 24 6 22 25 23 1 3 18 4 15 2 12 11 16 21 8 14 19 9 
18 14 23 25 19 15 10 9 8 11 5 7 12 17 21 1 3 6 20 4 22 24 2 13 16 
3 21 8 2 1 22 20 16 19 10 18 25 11 6 23 14 13 24 5 17 12 15 9 7 4 
25 20 19 22 13 8 9 11 2 3 4 24 5 10 17 12 18 16 7 15 14 21 1 23 6 
4 23 7 11 9 14 13 15 1 12 20 16 21 2 3 25 6 19 8 10 17 22 5 24 18 
15 24 10 5 16 4 6 7 17 18 14 9 1 12 19 22 21 2 23 3 8 13 11 25 20 
17 6 12 18 14 23 5 24 25 21 7 8 15 13 22 20 1 4 9 11 19 10 16 2 3 
19 1 3 4 2 17 15 5 13 22 9 6 14 25 11 23 16 8 10 24 7 20 18 12 21 
13 25 11 10 6 3 16 12 24 2 8 19 20 23 5 18 15 7 21 1 9 14 17 4 22 
8 9 21 20 5 6 14 18 7 1 15 13 24 4 2 17 25 22 19 12 10 16 3 11 23 
24 22 14 16 7 19 4 23 11 9 17 18 10 21 12 3 20 5 2 6 13 25 8 15 1 
23 18 15 17 12 21 25 10 20 8 22 3 7 1 16 9 11 13 4 14 24 6 19 5 2