25 15 8 2 1 14 18 5 13 12 22 7 3 6 9 10 11 4 23 16 20 21 19 17 24 
9 3 14 24 5 11 8 23 1 15 10 19 16 4 17 13 21 20 6 18 12 7 2 25 22 
4 6 7 10 11 19 21 22 24 25 1 2 5 20 23 12 17 3 8 9 13 16 18 14 15 
12 13 16 17 18 4 6 7 10 20 14 15 21 24 25 1 2 5 19 22 11 3 8 9 23 
19 20 21 22 23 16 2 3 9 17 11 12 13 18 8 7 14 15 24 25 4 6 10 1 5 
1 2 3 21 10 5 17 13 12 4 15 20 25 8 6 23 18 16 11 7 9 14 24 22 19 
6 11 19 14 4 1 25 2 23 8 17 22 24 21 16 5 9 13 12 10 3 15 7 20 18 
18 12 20 7 16 3 15 14 22 9 13 1 10 19 4 2 6 24 17 8 5 25 21 23 11 
5 17 13 23 15 18 24 19 21 11 3 9 14 12 7 25 1 22 20 4 2 10 6 16 8 
22 9 24 25 8 6 10 20 16 7 2 5 11 23 18 3 15 14 21 19 1 13 17 12 4 
20 1 2 3 19 22 4 17 8 5 25 23 9 14 11 15 16 12 7 6 18 24 13 10 21 
21 10 15 11 14 20 1 16 18 3 12 4 19 7 5 24 13 25 9 23 8 2 22 6 17 
13 25 12 18 22 2 9 24 15 6 21 10 1 16 3 17 8 19 5 11 23 20 4 7 14 
24 7 5 4 6 23 11 21 25 13 18 8 2 17 20 22 10 1 14 3 16 9 15 19 12 
23 8 9 16 17 10 7 12 19 14 24 6 22 13 15 20 4 2 18 21 25 1 5 11 3 
2 14 1 6 3 24 20 8 5 16 23 25 17 9 19 4 7 18 13 15 22 11 12 21 10 
15 24 23 19 12 9 22 1 4 2 16 11 6 10 14 21 20 8 25 17 7 5 3 18 13 
7 18 17 20 21 12 3 11 6 10 5 13 8 1 2 19 23 9 22 24 14 4 16 15 25 
10 4 11 13 25 21 23 15 14 18 7 3 12 22 24 16 5 6 1 2 19 17 9 8 20 
16 5 22 8 9 7 13 25 17 19 4 18 20 15 21 14 3 11 10 12 24 23 1 2 6 
3 22 6 1 2 8 5 4 11 21 9 17 23 25 12 18 24 7 15 20 10 19 14 13 16 
17 23 25 12 24 15 14 9 2 1 19 16 18 5 10 11 22 21 4 13 6 8 20 3 7 
14 19 10 15 13 17 16 6 3 22 20 24 7 11 1 8 12 23 2 5 21 18 25 4 9 
8 21 4 5 7 13 19 18 20 23 6 14 15 3 22 9 25 10 16 1 17 12 11 24 2 
11 16 18 9 20 25 12 10 7 24 8 21 4 2 13 6 19 17 3 14 15 22 23 5 1