20 25 14 13 56 51 89 22 48 5 61 90 96 98 15 32 53 50 73 46 2 86 68 79 85 28 65 55 17 59 84 76 27 30 74 44 16 34 1 24 87 58 39 82 47 71 3 75 29 97 42 54 88 100 31 62 33 9 81 52 12 57 6 66 92 7 78 21 40 60 77 37 11 99 36 93 10 38 23 95 70 35 72 8 19 94 41 69 80 43 64 49 45 18 26 63 91 4 67 83
94 80 91 96 33 71 95 85 28 46 23 68 8 77 48 75 70 83 2 17 29 36 44 53 20 3 5 35 61 66 25 26 54 19 100 11 57 73 90 59 93 9 60 78 37 12 15 45 40 4 55 10 1 98 38 67 84 56 82 69 72 41 64 43 18 13 24 47 81 99 76 34 27 52 89 49 22 62 65 79 16 6 31 14 86 63 51 32 50 92 97 74 21 88 87 7 30 58 39 42
57 44 100 1 92 3 7 61 66 86 58 27 81 89 12 4 14 88 69 29 10 24 78 31 62 8 18 19 60 13 93 48 82 71 15 75 40 83 50 35 74 6 90 73 22 56 26 94 5 72 41 23 25 87 65 21 99 32 43 79 70 77 76 42 17 63 37 38 96 91 80 68 53 67 97 20 39 84 98 9 2 95 52 34 64 55 45 54 30 49 85 16 47 28 11 36 59 33 46 51
40 75 42 31 12 99 6 78 58 2 38 13 43 3 62 82 85 11 36 56 54 96 76 89 25 88 15 84 71 22 21 5 4 86 64 39 37 97 23 63 95 80 35 20 48 7 81 10 91 30 45 90 34 68 50 49 74 94 26 17 73 8 65 67 33 52 27 32 55 83 14 66 19 51 18 29 92 87 16 28 9 53 79 98 61 60 47 24 46 59 41 1 44 93 57 70 100 77 72 69
87 38 84 81 35 27 49 24 39 93 10 64 45 67 33 100 18 79 59 78 14 16 52 1 63 23 77 95 21 41 99 98 12 42 8 3 32 13 70 2 19 54 55 96 25 76 34 83 50 53 51 22 7 20 71 36 85 5 28 48 29 61 56 11 9 26 69 97 46 89 47 72 31 44 4 17 30 91 57 73 58 66 74 15 82 62 90 40 75 88 80 92 68 94 43 86 6 65 37 60
18 52 50 21 83 30 77 70 90 15 39 74 72 22 44 1 86 66 31 37 67 46 34 56 64 98 42 57 9 73 94 92 51 47 87 88 6 28 65 49 85 24 69 100 14 41 8 62 27 43 80 11 76 53 93 97 95 63 91 40 71 36 75 84 2 16 19 45 20 3 58 33 82 55 59 60 12 26 61 96 38 4 89 78 99 68 81 7 29 13 25 79 35 54 48 5 32 10 23 17
59 63 9 53 34 60 23 72 43 65 41 6 92 26 94 42 19 76 57 24 45 51 90 74 40 97 80 100 48 39 36 55 14 46 33 62 81 10 58 68 38 11 67 98 88 16 17 79 21 99 30 12 89 75 83 18 47 70 77 66 35 49 95 5 28 25 31 86 85 4 15 1 32 8 69 3 13 64 54 7 27 37 93 87 44 22 96 73 91 56 84 61 82 71 2 52 29 20 50 78
55 82 37 74 67 47 16 17 29 45 35 63 65 95 25 99 52 71 84 97 94 50 27 49 93 72 32 87 7 4 41 61 22 18 91 78 77 60 69 9 23 46 1 28 59 33 36 51 64 66 6 19 73 57 86 15 92 58 39 8 53 98 14 68 44 79 54 30 80 62 2 40 43 75 90 88 70 85 5 56 20 83 42 3 11 21 26 48 10 100 12 81 89 76 31 34 38 24 13 96
11 10 62 73 76 88 68 64 54 8 80 7 28 60 87 34 20 16 93 91 83 37 43 47 92 26 30 81 38 69 67 53 31 95 52 89 29 72 79 96 63 70 32 84 44 49 2 42 65 57 14 46 13 24 59 27 35 4 61 3 58 39 51 1 50 100 48 22 15 82 86 21 74 78 25 45 6 41 71 94 97 17 12 33 77 18 36 23 85 5 66 40 19 9 98 55 99 56 90 75
26 97 36 98 32 69 4 41 19 79 47 51 30 5 55 49 40 21 54 9 6 70 12 11 91 33 99 75 58 82 45 7 43 56 85 20 17 80 66 38 31 52 13 18 68 61 92 89 86 77 64 2 16 96 37 72 78 29 60 44 10 87 34 74 88 59 94 90 23 93 81 24 46 50 42 100 83 35 63 48 67 71 28 76 1 39 25 84 65 57 8 22 62 53 15 73 95 3 14 27
48 100 74 34 62 81 22 2 6 55 13 94 4 7 64 51 58 26 30 42 59 72 39 84 10 95 56 60 45 65 76 69 28 75 88 80 52 53 9 98 14 93 38 90 12 19 50 32 31 96 5 66 29 35 44 11 16 46 18 33 24 82 20 49 89 97 41 68 91 87 43 70 25 79 27 85 1 40 3 77 21 36 47 92 83 37 17 57 8 54 73 78 99 15 63 23 61 71 86 67
8 72 27 64 41 85 28 32 33 13 5 61 44 57 31 59 3 35 17 2 19 68 24 99 52 63 75 36 6 76 37 4 74 91 49 29 1 12 89 56 98 82 62 10 42 21 48 23 92 69 60 79 96 83 70 20 73 95 97 22 78 40 15 14 66 47 51 71 43 54 38 16 86 39 45 67 50 53 84 100 30 94 7 18 55 80 58 77 11 81 34 65 25 26 9 46 93 90 87 88
68 76 23 18 29 73 11 14 25 3 92 50 70 55 65 79 96 78 8 66 48 43 17 7 33 4 28 85 41 61 20 2 64 90 10 59 63 57 42 82 97 15 87 91 26 35 51 16 49 80 88 13 24 12 45 32 93 86 75 9 56 83 31 100 1 22 46 67 39 84 95 98 34 71 94 81 37 36 44 19 99 69 53 27 72 5 60 6 38 74 58 77 52 30 89 40 47 21 54 62
95 83 21 16 77 12 65 44 87 51 93 54 73 85 23 88 43 81 19 84 66 97 18 25 38 86 98 79 64 11 34 70 24 14 35 94 33 100 32 46 58 71 56 76 63 29 1 72 53 20 59 47 4 39 40 80 41 36 78 6 48 99 17 61 90 74 5 9 28 37 69 30 62 7 26 13 2 75 42 10 49 52 3 91 31 89 22 96 67 15 57 27 8 68 55 50 92 60 45 82
53 50 57 46 40 4 30 93 69 36 87 39 95 82 9 71 98 77 80 99 15 26 31 78 37 5 47 13 27 54 22 96 8 23 68 48 55 51 92 84 61 83 2 60 67 88 11 86 44 100 89 14 42 81 56 25 38 3 90 21 16 7 94 79 59 58 29 62 6 72 65 17 97 76 74 91 41 49 52 18 66 34 1 75 63 73 43 45 35 10 33 20 28 32 12 85 19 64 70 24
43 90 26 52 86 82 78 91 63 56 49 33 75 45 14 22 83 24 100 27 71 44 74 21 42 73 94 23 29 16 72 31 77 60 58 38 67 85 6 50 40 68 89 37 57 65 25 66 39 46 61 7 48 64 28 10 54 1 15 92 19 55 18 34 81 88 53 70 30 69 35 80 20 47 99 5 32 96 11 8 12 97 59 62 98 9 13 87 93 79 3 41 2 95 4 51 17 84 76 36
54 24 67 97 17 9 31 19 98 42 6 53 1 21 32 10 47 36 28 52 90 30 93 96 12 89 81 88 20 40 66 86 62 61 5 15 78 71 25 83 43 55 70 3 99 73 27 59 18 8 74 26 37 91 34 82 77 69 58 94 13 65 11 63 60 80 35 2 45 33 57 64 48 92 72 22 87 68 29 51 84 14 76 50 85 95 23 46 41 4 38 56 39 7 79 75 16 49 100 44
39 70 58 61 15 20 38 1 79 10 68 76 40 72 89 97 56 90 62 25 55 53 49 35 46 82 69 3 80 8 13 43 73 11 16 18 65 99 95 26 47 75 81 45 17 4 41 7 34 28 67 30 87 52 57 19 50 100 84 71 23 85 92 93 27 44 96 36 77 98 83 9 63 66 54 12 21 60 33 78 32 86 29 64 88 48 42 51 24 2 91 31 14 74 94 37 22 59 5 6
71 5 7 60 49 75 92 35 37 94 34 69 16 48 11 38 63 18 91 74 77 22 57 58 70 62 100 83 67 9 47 97 36 39 81 41 30 21 87 45 24 84 54 33 85 6 52 95 79 78 68 17 27 51 53 2 23 98 99 76 32 12 8 86 73 50 3 25 64 26 89 59 88 15 31 46 4 55 93 14 65 20 90 56 28 61 40 19 82 44 10 43 66 29 1 42 13 80 96 72
99 66 59 47 84 96 45 80 89 88 60 12 86 20 46 41 29 37 15 67 87 32 50 51 14 1 91 34 92 2 54 40 7 27 93 19 44 17 3 79 22 36 5 9 94 64 13 77 30 74 85 8 63 43 49 55 65 62 72 31 76 4 57 95 52 10 38 42 75 21 82 23 61 24 28 6 56 90 73 58 33 78 71 39 25 16 70 26 100 68 11 35 98 81 69 83 48 53 97 18
91 9 38 28 31 15 74 30 97 75 100 42 77 18 47 90 39 45 5 41 99 79 51 24 87 14 44 70 76 1 12 46 32 50 61 63 69 59 64 71 96 56 23 11 21 72 62 36 33 26 27 84 49 54 81 86 7 17 85 67 8 13 52 92 93 43 10 3 83 57 94 19 98 20 34 89 65 48 78 66 37 2 88 60 16 4 53 29 25 58 55 80 73 40 6 68 35 82 95 22
64 11 6 92 2 45 58 37 41 66 74 62 68 70 82 87 23 10 97 88 61 12 60 83 48 54 78 98 95 43 26 8 81 21 86 96 84 7 30 33 80 34 59 31 39 69 19 38 24 55 16 75 46 73 1 90 9 44 93 89 51 20 4 65 100 67 79 77 71 56 22 53 17 35 40 28 49 76 13 15 18 72 27 99 94 85 32 91 42 14 47 50 5 63 36 29 57 25 52 3
63 62 29 54 43 72 13 81 24 80 26 20 27 4 52 48 25 53 65 94 22 58 8 68 31 69 34 47 16 93 28 17 40 3 89 23 99 11 57 95 10 73 85 46 79 67 49 87 2 45 19 70 21 33 92 98 30 55 12 82 15 76 60 38 41 91 18 35 42 39 44 56 37 88 83 32 59 5 96 75 7 84 9 71 100 74 6 50 36 97 77 64 51 1 14 61 90 66 78 86
96 73 78 12 19 86 33 59 14 83 7 72 66 11 17 21 71 99 9 76 80 88 64 40 49 77 29 37 65 84 35 56 93 55 31 42 18 41 36 60 91 98 47 97 75 51 94 22 8 6 28 57 62 34 63 4 39 13 3 2 27 89 25 46 85 32 61 69 16 50 92 54 87 30 52 38 23 82 79 81 95 48 24 44 5 70 1 90 68 20 53 45 100 10 67 43 26 74 58 15
3 23 39 84 82 94 67 27 60 32 1 92 85 13 2 37 30 58 95 12 86 35 81 19 100 46 41 9 72 96 73 79 38 49 29 52 5 25 44 91 71 17 88 64 18 48 57 40 63 68 15 56 51 36 6 77 53 61 65 47 11 28 74 22 31 87 26 66 78 24 50 99 14 70 62 10 45 42 90 55 8 54 80 89 43 34 69 33 59 75 93 98 7 21 20 16 76 83 4 97
36 20 98 95 48 53 34 49 57 90 44 75 24 40 91 43 78 61 55 3 85 56 67 33 15 18 23 52 30 42 62 16 87 66 4 22 14 70 47 76 89 32 93 50 54 92 7 58 13 84 71 72 79 80 5 99 59 45 38 83 37 64 63 17 29 19 21 73 2 97 27 26 77 25 6 51 100 74 68 1 35 82 10 41 12 86 46 81 96 31 94 69 88 8 60 65 11 39 28 9
35 93 77 69 10 68 5 7 51 16 56 32 79 49 59 8 31 60 86 54 38 25 55 75 17 91 89 26 57 3 74 100 67 20 48 24 39 6 37 19 27 1 52 4 78 43 65 76 61 82 29 18 14 50 88 41 40 23 94 87 95 72 45 44 53 12 58 96 70 90 97 11 73 80 85 47 9 71 21 36 22 63 98 30 92 15 83 28 66 64 13 84 42 46 62 2 33 34 99 81
76 85 79 42 44 56 17 65 100 47 63 73 51 83 34 50 38 80 67 69 39 66 20 6 13 59 53 94 4 97 98 88 15 78 27 43 72 9 10 77 25 30 29 86 90 95 14 28 35 81 48 58 74 11 52 64 26 22 37 68 5 33 36 7 82 84 1 99 62 75 24 60 91 93 46 2 16 18 8 31 19 23 55 49 57 45 3 61 40 21 54 96 12 70 32 71 87 89 41 92
4 46 22 50 18 89 99 25 26 71 29 16 98 84 57 81 6 33 35 93 21 82 73 92 7 32 36 28 11 45 83 58 90 34 2 85 53 65 94 1 37 60 100 70 41 74 66 15 20 5 76 42 8 97 96 78 10 31 24 95 88 9 59 80 68 48 55 54 14 40 3 39 12 61 63 43 64 72 86 69 47 56 17 77 67 87 52 13 51 62 23 75 38 27 19 30 79 44 91 49
61 21 1 70 88 55 8 40 52 87 14 15 46 64 96 28 36 89 22 19 5 74 71 62 27 10 2 63 90 50 80 82 68 54 92 45 51 75 13 97 77 42 9 44 3 83 16 53 99 12 43 100 60 69 91 35 25 66 20 32 49 86 81 23 6 30 98 94 34 47 33 41 29 58 84 4 67 7 95 57 93 38 73 65 76 11 79 78 26 39 24 18 48 56 17 72 37 31 59 85
2 6 93 86 16 49 72 66 76 29 27 56 3 69 30 44 22 85 68 28 74 65 75 42 96 70 63 31 25 14 46 41 83 4 60 81 58 5 54 32 79 10 20 89 100 50 90 99 9 35 92 40 43 23 80 12 15 7 17 98 57 88 1 91 19 21 11 18 67 94 45 82 52 34 73 97 36 47 87 39 59 62 33 26 95 24 8 53 84 38 37 13 64 51 71 78 77 55 48 61
23 48 80 5 52 40 83 77 85 100 33 91 59 74 88 96 84 47 10 81 97 9 3 32 2 99 46 22 50 24 38 49 56 89 37 64 62 86 18 72 54 51 75 55 66 13 6 57 93 42 26 28 71 45 30 61 76 21 44 35 41 58 39 20 65 73 7 29 4 17 1 12 67 60 68 78 69 25 14 70 31 43 87 82 15 19 11 98 94 36 63 53 90 92 34 95 8 79 27 16
58 68 32 90 69 8 97 54 81 59 2 25 41 86 60 76 12 92 7 75 1 34 37 57 53 15 72 67 93 5 33 19 100 99 40 74 82 14 78 61 44 18 95 48 28 91 30 80 85 98 79 77 11 31 27 94 52 51 73 64 62 84 55 56 87 96 66 43 3 35 71 63 24 46 9 23 88 16 89 50 17 65 83 20 13 49 29 39 22 70 36 6 10 47 38 21 45 26 42 4
34 53 28 3 26 50 46 42 95 25 82 67 94 52 83 63 17 57 21 65 92 78 33 36 66 51 38 59 43 55 87 20 44 85 84 6 47 23 48 70 45 49 15 29 71 24 97 2 41 58 54 91 69 89 19 100 1 93 74 39 61 79 16 31 76 64 72 10 27 30 37 8 56 86 32 98 35 13 7 62 75 12 77 4 68 88 5 18 90 80 22 14 81 60 40 96 9 73 11 99
15 79 20 62 96 36 73 89 38 11 51 43 31 93 98 77 49 13 64 95 12 52 82 60 80 30 87 4 91 58 69 28 1 17 63 76 2 42 16 8 59 39 7 25 40 81 78 27 70 47 56 83 67 65 66 6 22 84 32 97 44 14 50 90 34 75 33 23 24 5 26 55 18 41 53 19 48 54 99 61 71 46 35 37 10 57 9 21 92 45 72 100 74 86 88 3 85 29 94 68
41 12 10 55 22 21 98 13 4 91 37 45 87 29 35 26 32 39 79 11 17 20 88 94 23 84 71 48 40 28 95 68 80 97 73 36 66 43 15 67 65 62 3 61 19 1 64 5 69 60 2 78 82 9 90 42 72 34 57 81 92 53 83 99 25 89 8 46 54 51 85 27 38 33 96 77 74 6 100 93 14 30 63 47 7 50 86 16 52 76 75 70 31 44 58 49 24 18 56 59
56 87 47 24 30 44 1 9 75 35 70 78 61 46 19 73 97 6 38 53 41 54 77 18 81 49 79 7 8 90 71 94 55 45 34 57 88 39 31 65 16 74 4 68 96 84 22 92 83 14 86 33 99 3 60 50 63 37 13 85 93 2 12 36 48 95 82 98 26 15 11 10 76 21 20 59 17 28 40 29 51 27 25 58 69 100 64 72 23 42 5 67 80 52 66 62 43 32 89 91
31 45 19 71 14 33 60 82 17 39 50 5 55 9 80 40 89 34 66 1 35 64 100 27 16 56 61 73 47 85 90 75 21 12 25 77 24 52 7 30 53 37 8 36 86 38 43 67 26 11 62 29 10 4 95 87 18 96 70 88 74 6 68 78 42 81 13 59 49 63 72 91 79 94 15 92 58 57 51 22 41 32 54 28 3 97 48 44 99 93 98 46 83 2 23 20 84 69 65 76
88 57 70 37 27 78 18 84 65 63 20 99 62 16 72 23 90 15 71 36 44 76 11 45 89 13 10 39 83 29 92 59 3 96 26 51 98 35 93 22 56 77 46 52 82 34 12 21 94 31 25 24 55 8 68 48 58 53 49 14 40 69 97 32 47 38 86 85 9 100 30 95 42 81 75 80 5 4 64 43 6 60 2 73 79 91 66 67 74 61 19 33 41 87 7 28 1 50 17 54
92 7 61 43 51 64 94 99 74 67 4 100 14 54 8 24 48 42 58 18 95 62 21 26 68 19 6 86 69 98 29 9 79 53 50 27 10 91 11 13 76 88 73 72 33 23 32 63 17 87 46 16 75 59 47 5 20 38 36 41 28 22 70 52 77 71 80 37 60 45 66 49 44 84 65 31 90 2 83 3 85 40 81 1 96 78 34 89 56 55 30 93 15 25 97 39 82 12 35 57
33 96 69 83 9 62 57 5 67 84 79 29 15 59 77 58 95 19 1 21 81 40 36 8 28 60 82 72 55 37 88 32 63 65 53 61 92 3 85 80 78 16 64 17 50 27 39 71 48 22 23 74 44 47 51 56 94 26 31 25 14 66 54 45 13 46 52 91 98 20 87 2 75 89 70 35 97 99 18 12 10 7 4 38 42 43 24 41 73 30 76 86 93 100 49 90 68 6 34 11
24 92 16 40 6 31 61 8 78 76 57 49 10 32 7 80 75 69 20 47 96 89 46 13 58 41 45 66 97 38 77 11 30 62 95 73 35 74 84 28 21 99 14 26 52 63 68 43 51 83 3 67 22 27 55 71 17 82 1 60 86 23 90 4 64 37 36 100 56 25 5 85 59 98 48 9 81 29 91 72 88 44 50 12 93 2 65 34 53 33 39 54 87 79 42 18 94 70 15 19
32 99 34 63 59 18 43 87 44 95 12 38 42 81 84 33 72 55 16 60 65 94 48 3 69 90 85 49 39 23 68 24 58 6 13 71 15 67 76 52 86 25 40 53 11 100 5 98 74 29 97 35 70 7 10 57 2 54 9 19 96 31 80 27 26 1 50 51 61 41 88 47 93 17 78 79 20 73 30 83 91 21 45 46 75 64 89 56 37 77 92 36 4 62 82 66 28 14 22 8
74 27 85 14 97 100 21 56 72 38 64 71 26 23 40 68 46 31 63 13 4 67 80 22 59 76 83 30 33 6 55 37 69 44 78 5 8 29 20 54 73 91 42 94 45 62 70 47 12 9 93 89 50 58 99 92 24 41 11 86 81 18 19 35 95 28 87 15 57 49 32 96 60 90 3 36 43 77 82 34 1 98 66 25 51 79 16 17 39 84 48 52 75 65 61 10 53 88 7 2
73 65 49 91 23 79 53 28 11 4 54 30 52 87 93 9 99 8 6 50 100 1 7 29 74 75 57 44 10 20 59 34 2 70 21 56 43 48 72 94 13 61 97 19 36 66 58 81 67 88 77 98 39 14 84 37 5 80 46 15 89 47 24 3 38 68 12 60 92 16 64 69 41 42 86 55 62 63 31 45 76 18 82 90 22 96 85 83 95 40 71 26 17 35 51 25 27 78 33 32
17 41 86 93 46 39 71 48 30 70 85 65 37 62 76 14 2 96 44 83 11 27 5 52 51 47 54 61 77 92 10 33 42 25 18 98 38 87 19 23 82 95 57 79 4 90 56 34 28 15 32 64 12 66 100 8 75 73 16 45 43 21 53 97 99 69 84 63 88 6 68 67 80 22 1 7 26 50 49 74 29 9 60 35 58 36 72 94 81 78 89 59 91 55 24 31 20 13 3 40
98 36 82 35 3 2 20 88 80 50 17 34 25 53 86 66 41 5 48 61 31 95 87 15 56 68 84 16 24 99 81 83 45 26 22 90 49 4 60 47 8 72 77 38 7 44 85 18 89 23 40 43 30 29 79 63 91 76 62 65 9 32 71 73 75 93 42 78 59 70 28 92 33 37 39 27 94 51 10 46 100 11 19 6 52 13 54 14 55 67 21 57 58 64 96 12 69 97 74 1
51 54 12 7 45 66 42 94 47 58 36 82 90 78 28 92 24 98 3 35 53 73 70 63 86 71 62 25 19 91 97 64 46 57 99 40 79 1 27 89 41 87 37 59 84 2 96 31 75 93 34 68 72 18 33 88 48 52 4 20 85 10 22 30 55 39 17 83 76 65 21 44 100 16 56 14 95 11 6 13 5 26 49 74 32 69 61 8 15 23 43 60 67 38 29 80 50 81 9 77
37 19 90 25 89 1 52 68 13 22 91 97 74 88 67 94 11 27 51 100 98 17 26 43 32 21 64 18 34 12 16 14 50 9 7 86 75 93 82 39 20 69 76 24 92 55 35 49 60 10 81 96 85 42 36 38 6 78 59 53 2 5 44 77 79 29 62 33 8 48 54 65 66 4 61 84 40 58 15 23 80 3 70 31 87 28 57 63 47 71 56 99 95 41 83 45 72 46 73 30
75 81 60 26 64 29 15 10 55 77 18 70 39 73 45 89 4 43 56 22 79 42 9 2 78 93 88 50 14 35 51 91 96 36 17 66 41 31 12 100 46 33 65 30 1 3 80 6 54 32 90 49 83 21 13 95 61 87 69 28 34 67 58 82 72 94 40 74 11 7 19 38 71 57 8 24 53 52 25 76 62 92 68 97 48 27 59 99 20 86 44 37 85 23 16 47 98 5 63 84
62 18 56 58 25 28 75 55 10 99 31 47 9 100 54 17 88 23 89 90 57 71 61 39 26 78 4 68 59 15 27 29 37 33 43 82 36 66 97 73 7 5 30 2 81 87 42 60 72 48 12 41 77 46 3 16 69 11 6 49 63 94 79 50 14 65 92 53 44 74 52 45 21 13 35 86 84 24 67 38 40 22 96 80 8 83 20 85 98 34 95 76 1 19 91 32 70 51 93 64
38 61 65 94 81 57 76 34 53 97 52 66 35 1 43 29 45 20 60 77 30 31 23 67 3 58 95 24 44 87 86 22 84 5 70 54 9 56 4 51 26 100 33 47 13 40 88 39 46 85 10 71 19 63 89 73 98 27 50 42 64 93 2 16 36 83 32 11 82 96 41 14 68 49 80 18 28 79 37 25 69 91 15 59 74 6 7 55 21 48 99 72 92 17 90 8 78 75 62 12
89 77 35 59 66 7 36 98 40 20 53 96 91 99 85 65 87 74 50 16 93 5 94 86 34 29 25 90 88 10 19 80 72 13 75 79 64 81 49 44 84 67 61 23 83 32 31 12 37 56 95 55 54 30 2 68 8 97 48 43 4 71 42 69 62 17 9 6 18 73 78 76 51 26 82 15 63 33 39 11 92 24 58 70 41 52 14 1 3 28 46 47 27 22 45 57 60 100 21 38
42 30 87 22 47 37 14 33 71 92 25 44 6 2 36 83 7 64 98 58 63 21 28 16 73 11 27 54 32 53 96 95 89 69 45 10 31 46 41 48 51 90 50 1 15 18 20 8 97 59 39 61 52 72 17 24 82 60 23 4 38 56 78 57 49 55 75 12 84 13 29 74 70 91 100 94 77 88 43 85 81 79 26 93 9 65 99 62 76 19 40 5 86 66 3 35 67 68 80 34
1 43 17 68 50 95 29 3 16 60 75 24 82 71 22 70 79 38 32 48 51 2 69 9 36 55 97 62 85 7 18 47 65 59 20 91 11 40 83 53 92 19 21 49 74 86 45 25 76 89 44 31 57 90 94 93 14 81 80 84 66 35 46 33 8 5 100 39 41 23 73 42 99 54 30 96 34 61 56 6 13 67 64 63 78 72 4 27 12 37 88 28 26 58 52 15 10 87 77 98
27 74 73 49 39 63 12 51 70 48 69 93 84 61 97 55 76 94 81 8 89 83 19 46 72 100 52 43 35 47 32 30 25 88 14 92 68 90 38 85 6 28 96 62 10 36 99 78 22 65 13 15 66 5 18 7 21 33 53 26 45 34 91 58 67 54 95 24 29 80 59 87 57 3 64 1 60 98 20 40 82 77 75 17 56 31 2 86 71 50 4 9 11 42 44 79 41 23 16 37
46 32 24 44 91 67 69 23 5 85 72 41 63 34 51 12 33 4 14 62 82 13 96 50 76 20 17 64 98 60 8 93 16 7 42 2 71 78 77 57 3 29 79 27 80 11 38 54 73 75 1 9 40 70 74 65 100 88 35 59 26 48 21 15 37 86 99 52 90 28 10 83 22 95 81 58 19 92 47 97 39 61 36 68 30 84 87 66 45 94 31 89 18 49 25 6 55 43 53 56
52 8 54 78 79 90 19 83 2 6 30 59 80 15 73 13 5 49 37 68 70 84 92 38 45 65 12 99 66 81 3 23 35 63 1 28 26 98 21 62 34 64 53 69 93 14 82 55 77 41 87 76 58 25 29 22 86 67 56 91 60 27 43 72 40 20 47 31 7 88 4 36 89 9 16 50 75 44 48 17 42 10 57 51 46 32 95 100 18 11 96 85 33 24 39 74 97 61 71 94
100 84 88 45 72 93 86 31 96 21 28 10 57 56 18 11 26 40 39 92 8 91 41 77 75 42 1 80 74 49 6 99 52 67 76 58 34 55 17 15 94 43 63 71 70 9 24 4 95 44 47 62 64 78 32 51 37 20 79 36 68 19 98 85 61 3 97 87 22 81 12 5 2 23 7 66 27 69 46 65 90 89 16 29 53 25 38 35 33 60 59 83 13 48 54 14 73 30 82 50
80 26 13 11 4 41 9 15 82 64 3 21 19 42 78 67 27 95 46 86 33 6 40 48 18 79 37 14 22 56 61 39 60 24 94 12 100 50 74 87 52 66 17 57 91 68 98 35 58 16 99 34 45 28 85 83 96 75 92 38 77 51 30 70 10 76 89 1 25 59 93 90 72 32 55 53 8 31 62 71 23 5 97 54 73 44 49 88 43 47 29 63 36 20 81 69 2 7 84 65
19 15 92 51 28 22 59 71 49 26 98 1 20 37 75 47 55 29 61 45 60 38 10 12 8 44 96 33 18 48 57 72 91 2 65 13 21 32 52 78 68 50 16 14 43 46 76 97 42 79 84 88 56 17 77 66 64 39 5 63 90 70 99 41 24 31 34 27 69 95 62 100 85 73 93 30 11 80 36 89 94 74 86 7 81 40 35 9 54 83 87 4 23 3 53 82 58 67 6 25
44 95 48 39 21 61 91 97 83 81 71 46 89 51 10 5 69 56 78 57 40 29 16 37 24 7 20 93 13 68 42 54 94 100 66 49 4 77 8 86 11 63 28 32 23 85 53 73 82 64 72 80 3 26 58 75 79 65 22 18 25 50 35 6 30 45 88 55 36 92 31 52 1 59 19 70 33 43 2 87 98 90 62 67 47 99 84 15 27 96 74 17 60 12 41 76 34 9 38 14
7 13 64 41 42 52 2 4 77 24 32 85 88 97 92 19 60 70 87 15 49 61 98 81 83 17 90 5 31 27 63 50 95 79 28 35 12 30 73 36 29 48 25 67 69 26 21 93 84 54 78 20 94 74 8 53 45 89 14 62 47 11 23 40 80 57 76 72 100 1 56 86 6 68 44 65 3 9 58 82 46 33 34 66 59 51 37 38 16 91 18 55 71 75 22 99 39 96 10 43
30 58 18 79 99 23 54 36 9 53 66 4 7 76 13 74 93 100 94 39 28 47 56 34 77 25 26 91 87 89 44 27 11 40 69 97 70 22 5 43 1 12 51 88 35 45 60 3 52 90 83 50 98 82 41 85 19 42 71 57 46 73 67 59 16 15 65 20 86 2 48 61 55 64 38 8 96 17 32 37 68 80 14 10 49 75 21 95 31 6 81 29 84 33 78 92 62 72 24 63
78 29 25 88 55 17 70 16 20 1 62 48 21 33 58 91 44 3 27 82 43 19 79 73 4 74 59 32 94 52 7 85 71 83 80 37 61 26 75 6 5 41 66 87 2 39 10 96 81 95 9 99 15 93 11 30 90 35 47 24 54 63 38 13 84 18 14 56 68 12 67 51 45 72 23 40 46 34 92 98 53 28 65 100 50 76 97 64 60 22 69 42 77 36 86 89 49 8 57 31
45 47 11 100 38 32 87 60 50 73 90 86 17 43 81 72 54 12 83 63 64 39 62 80 55 2 92 65 42 70 31 74 9 58 46 84 76 24 51 18 99 40 6 77 8 94 59 30 36 19 21 95 33 67 97 23 27 48 68 34 82 96 29 89 91 49 28 5 53 52 7 75 13 10 14 69 57 22 35 4 44 1 41 88 71 26 78 25 61 3 79 15 16 85 37 98 56 93 20 66
86 89 63 75 65 6 84 76 94 43 95 31 53 38 50 2 8 22 18 73 46 3 14 69 88 67 66 51 36 30 39 25 34 29 82 68 48 47 45 41 72 78 98 80 58 57 37 9 62 92 49 60 81 32 4 96 12 91 7 10 33 44 61 87 74 42 64 26 17 79 16 15 83 5 71 90 54 21 24 99 55 19 56 23 20 93 77 70 13 85 100 97 59 11 28 27 52 40 1 35
66 98 5 27 90 34 93 46 62 96 59 28 11 80 99 6 9 52 77 26 23 45 35 100 95 50 21 15 1 63 60 3 19 38 55 67 20 89 14 88 17 44 83 7 56 22 91 24 47 33 69 86 61 76 54 29 31 16 40 37 75 43 10 81 71 85 4 8 58 78 25 97 49 53 41 74 18 12 94 84 72 57 92 32 36 42 39 79 87 82 70 68 30 13 73 64 65 2 51 48
12 67 8 56 74 80 40 69 35 31 84 14 34 65 41 30 64 68 42 23 76 75 72 85 99 57 22 71 82 78 53 62 59 10 98 16 87 33 96 93 4 86 18 13 49 20 89 61 15 38 70 6 36 55 25 46 44 92 100 1 3 37 9 51 94 60 39 7 97 32 91 81 47 28 77 95 79 27 66 63 52 58 43 48 24 29 73 11 2 17 83 19 50 90 5 88 54 45 26 21
72 14 33 82 85 10 37 57 3 68 67 40 49 79 16 36 35 25 24 96 9 41 54 97 6 53 11 58 84 86 23 15 92 1 90 17 56 64 81 99 100 65 27 74 55 31 75 70 71 34 38 52 28 2 73 59 87 43 51 13 98 62 66 21 83 77 22 48 93 19 60 78 26 29 88 76 42 39 50 20 63 45 5 69 89 12 18 30 4 8 61 7 46 80 95 94 44 91 32 47
5 64 66 30 7 97 85 50 45 82 55 26 18 12 29 53 16 54 4 44 20 60 22 23 11 37 31 40 68 21 52 38 10 41 36 33 80 62 24 90 15 79 92 63 34 99 61 46 98 39 96 59 86 19 35 3 13 83 95 77 100 25 84 75 69 14 73 81 94 27 17 48 65 56 2 71 89 67 74 88 78 49 91 9 70 58 76 43 72 51 32 8 6 57 93 1 42 28 47 87
65 86 51 38 58 43 56 67 31 18 42 81 22 90 61 20 77 93 11 72 27 69 13 59 19 12 55 89 99 62 78 87 39 64 83 9 54 84 88 17 33 35 44 8 6 30 29 85 68 40 98 4 5 48 26 76 32 25 21 73 52 45 3 28 70 82 74 80 95 36 49 50 7 96 57 34 91 1 60 92 24 47 100 16 2 53 63 10 97 46 14 23 94 37 75 41 71 15 66 79
29 60 83 72 71 92 80 79 27 62 78 35 97 25 37 39 94 41 40 43 34 90 91 14 98 66 49 2 63 46 48 6 75 73 56 93 13 82 28 4 57 53 12 5 77 42 9 52 55 67 18 38 100 88 24 69 70 15 30 74 99 54 87 10 51 8 85 16 50 64 20 58 95 45 11 33 68 86 22 47 89 81 61 96 26 23 31 3 32 1 17 21 76 59 65 84 36 19 44 7
10 28 75 77 1 42 32 21 61 12 86 19 23 24 5 56 74 14 85 64 88 57 58 82 35 9 16 38 70 95 2 60 18 22 97 47 46 15 29 31 48 94 84 83 73 17 4 26 96 71 52 93 41 99 67 34 51 72 87 50 59 91 33 98 11 40 90 49 65 43 36 13 81 6 76 54 80 37 55 30 45 39 8 79 66 7 68 20 44 27 62 3 63 78 100 53 25 92 69 89
25 4 89 17 68 46 44 96 59 98 99 57 47 31 6 3 65 91 34 87 78 8 42 76 29 61 74 45 53 26 50 71 66 43 23 69 7 92 100 11 64 27 72 56 38 58 95 1 19 51 94 39 90 62 20 14 36 2 10 16 22 24 88 37 21 9 30 41 79 67 63 35 84 83 5 73 93 70 75 32 86 15 48 40 18 77 55 82 28 52 60 12 49 97 13 54 80 85 81 33
49 69 53 36 78 14 35 90 73 74 46 60 2 10 1 15 28 7 76 30 56 87 86 4 39 85 48 96 81 94 5 89 57 77 67 99 19 44 26 55 75 13 82 41 20 70 100 88 23 37 33 65 6 92 22 91 80 12 45 58 42 97 47 18 32 62 63 61 31 71 79 43 3 40 66 21 51 8 72 52 50 25 38 84 54 98 93 59 17 95 27 11 24 34 64 9 83 16 68 29
13 3 2 87 8 84 48 95 22 41 9 80 36 75 21 27 100 67 70 49 72 15 83 54 79 52 50 10 51 71 40 65 76 16 32 30 42 37 61 12 90 47 78 93 24 59 18 69 14 25 63 85 17 60 23 81 28 64 66 11 55 26 7 53 58 34 56 89 1 68 99 62 39 38 98 82 31 97 19 44 57 29 6 94 4 92 33 5 88 35 45 73 96 91 46 77 74 86 43 20
81 40 55 23 54 70 63 20 99 9 96 79 83 17 95 69 66 59 33 89 84 7 65 41 67 80 24 6 3 44 14 45 98 72 51 53 86 94 91 34 49 22 43 21 16 60 28 11 32 76 31 1 97 56 78 47 46 68 8 75 39 29 77 48 57 35 93 92 12 38 90 18 10 100 87 42 25 15 27 64 36 85 13 19 37 30 74 71 62 73 82 88 61 5 50 26 4 52 2 58
16 33 52 15 57 24 100 47 91 19 88 58 32 50 63 84 68 62 92 98 25 93 30 28 43 64 73 1 5 77 49 21 85 8 59 95 74 20 35 3 2 89 31 81 97 80 87 65 45 36 7 37 53 71 82 40 42 79 27 54 6 60 13 76 96 78 44 17 66 86 23 46 4 69 29 61 14 94 9 26 83 75 99 11 90 67 12 22 34 41 51 48 70 39 72 56 18 38 55 10
93 37 94 76 11 26 39 6 88 34 48 52 13 8 38 45 73 51 82 71 32 100 97 17 47 36 33 92 75 18 1 63 70 81 96 25 27 79 68 58 50 7 74 54 62 10 86 91 66 3 57 44 84 61 9 43 29 49 89 55 20 15 72 83 5 23 2 4 19 46 53 77 28 12 24 16 78 59 85 41 87 64 69 42 21 56 80 60 14 65 90 30 22 99 35 67 31 98 40 95
9 22 4 29 36 25 90 86 12 7 43 88 60 66 26 61 15 17 96 59 16 80 84 87 97 6 14 21 28 32 89 67 33 74 77 83 95 8 46 5 81 85 94 39 72 54 23 56 11 73 91 3 92 13 62 58 55 50 2 93 18 75 82 64 98 70 68 57 52 76 34 71 35 19 79 41 47 30 53 27 48 42 37 45 40 20 44 49 1 63 78 24 65 69 10 38 51 99 31 100
50 51 30 10 37 59 82 26 34 44 22 11 64 63 100 18 91 97 29 33 42 99 38 5 57 43 40 78 52 83 75 81 6 80 3 72 28 96 56 69 35 20 86 12 32 53 77 13 4 27 73 25 68 95 14 17 71 19 76 61 94 16 85 39 46 90 49 93 21 58 84 31 36 65 60 48 24 45 1 2 54 8 67 55 23 66 15 74 9 98 7 62 79 89 47 87 88 41 92 70
6 55 81 32 93 13 64 45 42 78 94 37 58 92 68 54 51 87 52 80 47 11 63 44 50 96 8 27 49 31 30 57 26 82 62 70 60 18 86 20 66 21 48 65 95 15 79 17 1 24 53 36 9 85 39 74 43 10 41 90 97 59 5 29 3 4 67 88 38 77 98 7 69 14 12 25 73 100 28 16 56 99 46 22 84 33 71 75 83 89 2 91 34 72 76 19 40 35 61 23
47 16 99 89 75 98 88 53 15 17 24 9 93 44 56 57 1 65 12 14 62 10 59 72 30 92 7 82 2 67 4 51 29 68 41 34 91 45 39 64 36 76 19 6 61 52 63 90 43 49 20 48 38 40 69 84 66 28 42 27 83 100 26 60 54 33 71 50 73 11 46 3 23 18 21 87 55 95 77 5 79 70 78 13 80 35 94 31 58 25 86 32 97 96 8 22 81 37 85 74
84 71 40 65 94 48 96 63 23 28 76 3 38 6 70 31 82 73 72 5 69 77 1 98 61 24 58 41 26 36 79 66 17 32 44 100 59 88 99 27 9 97 22 42 64 89 55 29 25 18 8 51 78 86 21 33 49 57 52 56 30 74 37 12 7 2 45 14 35 10 39 20 92 85 13 62 15 83 80 91 4 93 95 53 34 81 50 47 19 87 67 90 43 16 68 11 75 54 60 46
69 56 41 67 20 38 62 74 1 14 40 89 48 27 71 35 81 30 49 55 37 18 29 88 54 39 51 46 100 79 58 52 23 15 24 87 50 36 53 92 60 31 45 99 98 5 47 68 3 7 11 63 65 44 75 70 4 59 34 72 84 80 96 19 86 61 43 13 32 22 8 93 94 82 33 57 66 78 97 42 28 73 85 2 91 90 10 76 77 16 6 25 9 83 21 17 12 95 64 26
21 2 31 66 73 19 27 11 46 52 16 36 69 39 20 98 34 28 90 32 68 4 85 71 60 45 86 74 15 33 65 12 78 76 47 14 94 61 55 40 88 8 80 75 87 82 84 37 59 70 35 5 23 1 64 26 81 99 83 30 91 95 89 62 56 41 25 79 51 42 9 6 54 43 22 44 72 10 38 67 96 100 18 24 17 3 92 97 57 7 49 58 53 50 77 13 63 48 29 93
85 91 97 8 70 77 79 58 92 57 21 95 50 19 42 62 67 86 25 4 75 81 66 65 9 22 13 76 73 17 43 90 49 35 71 1 93 54 63 7 83 38 34 16 46 96 33 74 10 2 37 45 47 6 12 89 88 18 98 100 31 78 48 24 23 53 15 40 87 55 61 32 64 11 51 99 29 56 59 68 26 41 39 5 60 14 82 36 69 72 28 94 20 84 80 44 3 27 30 52
83 39 95 33 5 76 3 43 68 49 77 23 78 47 74 85 13 84 75 7 91 48 25 55 94 35 93 53 12 19 9 10 97 37 38 31 73 2 22 42 67 92 26 40 30 28 69 41 100 50 82 87 80 16 46 79 60 24 54 29 36 1 27 8 20 72 81 44 99 34 96 88 58 63 17 52 86 89 70 90 61 51 11 21 6 59 62 65 64 32 15 71 56 14 18 4 66 57 98 45
60 35 72 80 87 54 24 100 18 61 83 8 99 41 53 46 10 2 45 79 3 23 89 95 90 34 70 20 56 64 85 13 48 84 11 21 25 19 98 16 62 14 71 58 51 78 93 44 57 91 22 97 32 94 15 31 67 77 96 7 65 17 69 9 63 92 6 28 47 66 40 4 50 74 37 75 76 81 26 49 43 68 30 52 27 38 88 12 86 29 42 39 55 82 33 59 5 1 36 73
70 94 68 6 13 87 66 12 86 37 73 84 100 91 27 93 42 63 53 34 58 92 32 90 71 16 35 97 54 75 15 36 61 31 30 4 3 49 43 14 55 45 99 51 60 25 83 64 78 21 50 81 18 41 7 44 62 85 19 46 67 38 40 26 39 24 23 76 89 9 74 57 8 48 10 72 82 20 88 80 11 59 22 95 65 47 98 52 5 69 1 2 29 77 56 33 96 17 79 28
14 59 96 9 80 35 51 73 36 69 89 98 56 28 66 86 92 32 47 6 52 49 45 10 1 81 3 17 79 74 64 44 5 93 72 7 90 27 40 37 18 2 91 43 76 75 71 20 88 63 65 94 31 22 61 60 97 30 33 78 50 68 62 54 12 99 83 95 13 8 55 29 15 87 58 11 38 23 34 21 77 16 84 85 39 41 19 4 48 24 26 82 57 67 70 100 46 42 25 53
22 34 76 99 63 91 25 52 8 40 65 87 5 96 49 64 50 75 13 31 7 14 15 61 44 38 19 11 46 72 24 35 88 98 6 32 83 69 67 81 39 26 36 95 9 37 74 48 80 86 58 27 20 84 43 1 68 47 29 23 17 3 100 2 78 51 70 82 33 85 18 28 90 77 92 56 71 93 45 60 73 55 21 57 62 10 30 42 79 53 16 66 54 4 59 97 89 94 12 41
82 88 71 48 100 16 81 62 84 72 19 55 67 36 24 52 57 46 26 40 73 85 2 91 65 83 68 77 86 51 56 1 41 94 79 60 89 76 34 66 42 23 10 15 5 97 54 33 7 17 4 53 93 37 87 28 3 90 63 96 21 92 32 47 43 98 59 75 74 18 70 22 30 31 95 39 44 14 69 35 25 50 20 61 29 8 27 80 6 12 9 38 78 45 99 58 64 11 49 13
97 1 3 20 98 58 55 38 64 27 81 22 71 35 79 60 21 82 74 10 50 59 47 30 84 94 39 69 89 57 17 18 86 51 12 8 23 68 80 75 32 96 24 34 53 93 67 100 6 61 66 92 95 77 76 45 11 14 25 70 87 42 49 88 4 56 16 19 63 29 13 73 5 62 91 26 99 65 41 54 15 31 40 72 33 46 28 2 78 9 52 44 37 43 85 48 7 36 83 90
90 42 43 19 95 74 26 75 93 33 45 83 76 30 3 7 62 44 99 20 18 55 6 70 41 27 9 29 96 34 91 84 53 48 39 50 85 16 71 25 28 59 58 35 89 77 73 82 38 1 17 21 2 49 98 13 56 40 88 12 69 46 86 94 15 11 57 64 5 61 100 79 78 97 47 68 52 32 4 24 60 87 51 36 14 54 67 37 63 66 65 10 72 31 92 81 23 22 8 80
79 17 45 2 60 65 10 29 7 89 8 18 54 14 90 78 37 9 23 51 24 63 4 20 5 40 67 12 62 25 70 77 99 28 19 46 22 95 33 21 69 57 11 85 31 98 72 50 56 94 100 82 59 38 42 39 34 74 86 80 1 52 41 96 97 27 91 58 48 44 6 84 16 36 43 83 61 66 76 53 64 13 32 81 35 71 75 92 49 26 68 87 3 73 30 93 15 47 88 55
67 49 46 4 53 11 41 92 32 54 97 17 33 94 69 16 80 72 88 70 36 98 99 64 22 87 43 56 78 100 82 42 47 52 57 65 45 58 62 74 30 3 68 66 29 79 44 14 90 13 24 73 26 15 48 9 83 8 55 5 7 81 28 71 35 6 77 84 10 31 51 25 96 2 50 37 85 19 12 59 34 76 23 86 38 1 91 93 89 18 20 95 40 61 27 60 21 63 75 39
77 31 15 57 24 83 47 18 21 23 11 2 12 58 39 95 61 1 41 85 26 28 53 93 82 48 60 42 37 80 100 78 13 92 54 55 96 38 59 29 70 4 49 22 65 8 40 84 87 62 36 69 35 10 16 52 89 71 64 99 79 30 73 25 45 66 20 34 72 14 75 94 9 27 67 63 98 46 81 33 3 88 44 43 97 17 56 68 7 90 50 51 32 6 74 91 86 76 19 5
28 78 44 85 61 5 50 39 56 30 15 77 29 68 4 25 59 48 43 38 13 33 95 66 21 31 76 8 23 88 11 73 20 87 9 26 97 63 2 10 12 81 41 92 27 47 46 19 16 52 75 32 91 79 72 54 57 6 67 51 80 90 93 55 22 36 60 65 37 53 42 89 40 1 49 64 7 3 17 86 74 96 94 83 45 82 100 58 70 99 35 34 69 98 84 24 14 62 18 71