6 9 7 16 10 15 1 5 2 8 13 12 3 14 11 4
8 11 13 4 6 7 2 14 1 9 10 3 5 15 12 16
5 2 3 1 12 11 8 4 16 15 7 14 10 13 6 9
14 15 10 12 3 9 13 16 6 11 5 4 7 2 8 1
16 1 5 15 8 12 9 10 7 3 6 11 14 4 13 2
3 7 8 2 16 13 11 6 12 14 4 5 1 9 15 10
12 13 11 14 15 4 3 7 9 10 2 1 8 16 5 6
9 4 6 10 14 2 5 1 13 16 8 15 11 12 3 7
2 6 1 5 9 8 7 3 4 13 15 10 12 11 16 14
4 3 9 11 5 1 6 13 14 12 16 7 15 10 2 8
15 12 16 13 4 14 10 11 8 6 3 2 9 7 1 5
7 10 14 8 2 16 12 15 5 1 11 9 6 3 4 13
10 5 15 6 13 3 14 9 11 2 1 16 4 8 7 12
11 8 2 9 7 5 16 12 15 4 14 6 13 1 10 3
1 16 12 7 11 10 4 8 3 5 9 13 2 6 14 15
13 14 4 3 1 6 15 2 10 7 12 8 16 5 9 11