3 4 13 10 2 9 15 12 7 6 1 14 11 16 8 5 
14 5 2 12 4 6 16 8 3 15 10 11 9 1 7 13 
1 6 9 11 3 5 7 14 12 13 8 16 4 15 10 2 
16 8 15 7 13 11 1 10 5 2 4 9 12 14 3 6 
15 2 12 16 11 7 3 9 14 8 6 13 5 4 1 10 
8 3 7 5 6 16 13 2 10 1 12 4 15 9 11 14 
10 9 6 13 8 14 4 1 15 11 5 3 16 7 2 12 
11 1 14 4 12 15 10 5 2 16 9 7 8 6 13 3 
2 7 16 14 9 12 8 6 1 5 13 15 10 3 4 11 
5 13 1 15 7 2 14 4 11 3 16 10 6 8 12 9 
6 11 10 9 15 3 5 16 4 12 7 8 13 2 14 1 
4 12 8 3 10 1 11 13 9 14 2 6 7 5 16 15 
13 14 11 8 5 4 12 7 6 9 3 2 1 10 15 16 
12 10 3 1 16 13 6 15 8 7 14 5 2 11 9 4 
7 16 5 2 14 10 9 11 13 4 15 1 3 12 6 8 
9 15 4 6 1 8 2 3 16 10 11 12 14 13 5 7