9 11 2 22 15 4 1 3 7 8 10 12 13 14 16 25 17 18 19 20 6 5 21 23 24 
16 18 21 19 20 5 15 17 2 9 3 1 6 23 24 11 7 8 22 10 4 12 13 14 25 
6 5 25 1 4 18 20 21 23 24 7 9 8 19 11 12 13 15 14 3 2 10 22 16 17 
13 14 17 23 24 25 10 6 12 19 5 15 22 4 20 2 16 1 21 9 11 7 3 8 18 
7 8 3 10 12 22 11 13 14 16 25 17 18 2 21 6 5 4 23 24 9 15 1 19 20 
1 2 10 13 3 6 12 25 17 4 14 22 24 20 5 23 11 19 7 16 21 18 15 9 8 
24 16 9 17 6 1 2 8 3 13 12 25 23 21 7 15 18 14 10 5 19 4 20 22 11 
23 19 14 15 5 10 22 9 11 18 1 2 4 8 6 20 25 24 12 21 3 17 16 7 13 
4 22 8 11 7 20 24 5 15 21 16 3 19 18 9 1 2 17 13 6 10 23 14 25 12 
18 25 12 20 21 16 7 23 19 14 13 10 11 17 15 3 4 22 9 8 1 2 5 24 6 
25 1 20 8 2 23 17 19 10 3 21 24 5 15 18 22 14 12 4 7 16 6 11 13 9 
12 7 16 5 22 2 18 1 9 6 11 20 10 13 3 21 24 23 15 17 8 25 19 4 14 
11 4 24 9 23 7 21 16 8 5 2 6 1 12 14 13 20 25 3 19 18 22 17 10 15 
14 6 13 18 17 24 4 15 25 12 8 19 16 9 22 10 1 11 5 2 7 21 23 20 3 
3 15 19 21 10 11 13 14 22 20 23 4 7 25 17 8 6 9 16 18 24 1 12 5 2 
2 23 1 3 19 14 6 22 18 15 24 8 21 5 10 7 12 20 17 4 25 13 9 11 16 
10 24 18 12 25 19 8 20 1 2 17 16 15 7 23 9 21 13 11 14 22 3 4 6 5 
21 9 4 6 11 3 25 7 13 17 22 14 20 1 2 16 19 5 8 15 23 24 18 12 10 
22 17 5 14 13 9 16 11 4 10 19 18 3 6 12 24 23 2 1 25 15 20 8 21 7 
8 20 15 7 16 21 5 12 24 23 9 13 25 11 4 18 3 10 6 22 17 14 2 1 19 
19 3 22 2 1 17 23 24 6 11 20 5 14 16 8 4 10 7 18 12 13 9 25 15 21 
5 10 7 24 9 15 19 2 21 1 18 23 12 22 25 17 8 16 20 13 14 11 6 3 4 
15 12 23 4 8 13 14 18 20 25 6 7 2 3 1 19 9 21 24 11 5 16 10 17 22 
20 21 6 25 14 8 9 10 16 22 4 11 17 24 13 5 15 3 2 1 12 19 7 18 23 
17 13 11 16 18 12 3 4 5 7 15 21 9 10 19 14 22 6 25 23 20 8 24 2 1